3.17241938649980e-02
3.50487694470480e-03
1.75052629911280e-02
-1.87028550716590e-02
1.30223429889370e-02
-2.00130109165070e-02
6.67351951910340e-03
-1.66310984406710e-02
-2.43425648623130e-03
-1.55177114301970e-02
6.86993359498950e-03
-2.02943937420220e-02
7.22662358404600e-03
-2.58265276703120e-03
8.79915171142990e-03
-2.51936268026290e-02
1.21239856257540e-02
-1.84725670022100e-02
3.37373129033070e-03
1.98853394273790e-03
-8.74271961195950e-03
-5.43845570387210e-04
-5.31661526230480e-03
-9.87113363198000e-03
-1.32883174343990e-02
1.26474156344820e-03
8.71332125652440e-03
2.70089417810900e-02
1.64317445495250e-02
5.93693259676850e-03
-2.84169227988020e-02
-7.53130729320900e-03
1.35838941630110e-03
1.31585836280750e-02
-2.88113903771110e-02
2.32431041112880e-02
-1.14511237713560e-02
1.00164148894240e-02
-4.45152232148470e-04
-5.19643233971010e-03
-5.34515769713600e-03
5.86303121284010e-03
-7.52309943683910e-03
1.32103054339490e-02
-1.34595122988510e-02
3.17224930912610e-02
-3.65015797829950e-02
2.83364736720030e-02
-8.24035391801240e-03
-4.25026459265100e-03
1.54350647663830e-02
-4.55258730258610e-03
4.78145683984650e-03
1.37564710060840e-02
-4.11671267371050e-03
-3.33790921062360e-03
-3.09802587385030e-03
1.23799441844330e-02
1.01801148748010e-02
4.90781570909770e-03
-5.28760623674990e-03
-4.39274330201420e-03
-8.49405455082760e-03
-7.45610487050460e-03
-1.77487044898560e-03
-1.17908435711060e-02
4.50954797576920e-02
6.71524486183130e-02
6.61962366100700e-02
7.85263662957620e-02
6.29942993294920e-02
7.29631707610230e-02
1.09920487444600e-01
7.71608127655350e-02
1.01416337230140e-01
8.64976535793620e-02
7.86538864841990e-02
7.78367174114440e-02
8.22257716439400e-02
7.33194335087810e-02
3.20783041810200e-02
2.21317433095300e-02
4.48547523700510e-02
2.90151693923200e-02
3.37582954997440e-02
3.73505205023040e-02
1.44466718844750e-02
1.50852038548840e-02
-2.41981538265500e-02
3.05713821245170e-02
-3.56335780902490e-02
-8.70417616905850e-04
2.45875680742820e-02
3.79801744325610e-02
2.71043231603510e-02
-9.98936758997120e-03
1.82147555883620e-02
4.73699935310150e-02
2.43814747029390e-02
4.83977254602060e-02
4.02684660156800e-02
4.65850842592010e-03
5.80677274375310e-02
4.42972845313970e-03
1.45341981546130e-02
3.00065369755400e-02
-3.56918480127220e-02
1.11075267498320e-02
2.39398815468080e-02
3.97481139995970e-02
5.95826789470620e-02
8.45309837796740e-02
8.45646271189870e-02
1.15288499165260e-01
1.10201329821310e-01
9.97797190332550e-02
7.23164639957190e-02
7.79435426454680e-02
1.59906314103350e-02
2.85177444281140e-02
-3.69976739876260e-02
7.42312615501180e-03
2.99571483349800e-02
9.09272399702170e-03
-3.10857130306250e-02
-5.56712577424850e-02
-2.74575090701110e-02
6.56583416156510e-04
-6.71955351588710e-03
-1.11080113657710e-02
2.45265646230330e-02
-3.82987404081360e-03
4.51883661709170e-03
-1.35803365044090e-02
8.20381991144070e-03
-4.65543066672400e-03
8.32662283896290e-03
-5.21505707853220e-03
1.54416133689490e-04
-5.64782874283660e-03
-2.82929288095880e-03
6.15330730087520e-03
-9.94779021822830e-05
1.00162048357230e-02
-3.49883316312250e-03
-8.79121931252280e-03
4.59547949089540e-03
-9.48057041565320e-03
2.44960290029000e-02
7.35563671824400e-03
-3.08408084973850e-02
-6.07041142592040e-02
-4.90546421893650e-02
-2.96997984008220e-02
-4.22488988601690e-02
-5.04520471584320e-02
-2.99378893586750e-02
-1.50754706751620e-02
4.71802338437170e-03
8.46532176102180e-03
1.59046159337900e-02
7.17601127426280e-03
1.40994867144630e-03
-3.39426400861330e-03
-7.28147483304050e-03
-2.91806553419730e-03
9.86051109446310e-03
-1.31853219572420e-02
2.00150205342860e-03
-1.60872108136710e-02
1.12020624047860e-02
-8.06628593821060e-03
8.04414818171180e-03
1.61801673121190e-04
-5.82081375389630e-03
9.31719392857250e-03
-1.41218291554500e-02
1.24263820381520e-02
-6.99043513320830e-03
1.43962833805290e-02
-7.94063244042340e-03
-4.45881719295260e-02
-4.18857717429460e-02
-8.22741761452280e-03
8.95006592339660e-03
-1.14659914246580e-02
-2.20931844281240e-02
-1.60741237578590e-03
3.53887866376490e-02
1.74624466542270e-02
2.11381250267060e-02
-4.95023131939410e-03
-9.15504005590720e-03
-1.08552451787850e-02
-1.06930809569470e-02
-6.34705915270310e-02
-4.71242888987640e-02
-4.78296566379350e-02
-5.07038372000150e-02
-4.99865287235880e-02
-2.29963071523390e-02
-2.37571526496860e-02
-5.31884712914460e-02
-3.49208760998640e-02
1.50451043324200e-02
1.61625503180610e-02
5.37685357128100e-02
1.16210098464620e-02
-3.72463206727640e-02
4.94848300031260e-03
3.57138487174930e-02
9.85068499889240e-03
6.57198095790720e-02
3.30075102190850e-02
1.98662821786510e-03
1.33891145330830e-02
-3.79293006292070e-02
-3.60731573845360e-02
-3.51707779202980e-03
-1.23704138386200e-02
-1.24074564398400e-02
5.29972934975390e-02
1.64645953341800e-02
-1.20182150502960e-02
-1.48942068481570e-03
1.28874168559640e-02
4.40681783633900e-03
-2.60168696798150e-03
4.01958433542160e-02
-6.64059729352460e-03
2.80150394033610e-02
2.90337741960150e-02
2.70662046634780e-02
3.45736725583580e-02
1.47636181320280e-02
1.48659042498190e-02
-3.61728809105170e-02
-3.46798793340000e-02
-1.14753201668760e-02
-1.89496514890260e-02
-3.69863008070620e-02
1.35480391388510e-02
-1.79948193944690e-02
1.81510417586520e-02
-2.25745160305700e-03
-1.83787872158570e-02
8.04571034891350e-03
2.00035818842530e-02
6.72553517310470e-03
8.80665164853730e-03
-1.91962478561610e-02
-1.43319440097160e-02
-2.36894222915990e-02
3.33464441264520e-02
1.17119367380470e-02
-8.30663508258210e-04
2.65306702135820e-02
9.46564323265900e-03
-2.26923215202180e-03
-1.12701613250480e-02
-3.34403583648650e-03
-4.38490170676670e-03
-9.65034053039760e-03
-6.42705656140910e-03
-5.40753299143770e-03
-3.40393006344450e-03
-1.34049973372340e-02
1.45779411942730e-02
-7.77521263983460e-03
3.85722326846780e-03
-9.25683510647210e-03
2.39340235449350e-02
-4.39828502304710e-04
-1.01640228579270e-02
-1.06817841659630e-02
-6.04729857839890e-03
-5.38210802125460e-03
9.31088521841700e-04
6.95246961202290e-03
-8.06482339563610e-04
-3.30888137893010e-03
1.07077517992260e-02
-1.81799877885850e-02
-5.44028498966960e-03
2.46464393858070e-04
-2.16327530401230e-03
9.85537070944520e-04
1.24089381236140e-02
2.27607575095770e-03
-1.05291631440400e-02
6.39789992224720e-03
6.59513935411190e-03
1.37082043371980e-02
2.17185457014870e-03
3.87277504272260e-03
-1.46210796473210e-02
3.89966086232730e-03
-5.91417623519690e-03
7.70597490704910e-03
1.32014748353780e-04
5.97533630794390e-03
5.88370265489870e-04
-1.97612549449250e-02
-6.75936219784360e-03
-2.59418107699220e-03
6.37127963201610e-03
-4.21526948196070e-03
1.37814335542760e-03
-8.86097698196450e-03
2.55740432088110e-03
-1.78126592278980e-03
1.41158660280860e-02
-1.97908534161780e-02
9.92068098460840e-03
1.61300308831210e-04
-1.59443467553200e-03
-2.89597748810270e-03
4.43855418344860e-03
1.25967771668600e-02
1.72644927516300e-02
-5.57701025072100e-03
-4.67230420511490e-03
-5.63586688250850e-03
5.27728045434090e-04
-4.64081359446890e-03
4.06015860609710e-03
3.51481739364750e-04
9.16174053365260e-03
1.80190746551710e-04
-1.28666618772270e-03
-1.00124893488630e-02
-3.71355735504650e-03
1.60391687192450e-02
-1.01465790882900e-03
-7.25019579968480e-03
-1.92503579835800e-03
1.10898103629960e-02
-9.19757979047870e-04
5.30961193564650e-03
-3.85276519033150e-03
1.53525805041730e-02
1.38250179384010e-03
3.68065073391810e-03
4.95141036805750e-03
-2.02283436946530e-03
-1.55394069771910e-02
1.50113185420770e-02
2.70963098189360e-03
8.52668296888190e-03
-4.73247107398520e-03
1.46244878812580e-03
-2.14004791064110e-03
-1.92206498906630e-02
1.21365649047310e-02
-2.43834003515010e-03
7.95747580803910e-03
3.68786423058270e-03
8.74091584660440e-03
-7.96607181174780e-04
-1.44787863506010e-03
-9.83184534460820e-03
-2.44332840307340e-03
-2.90912886018490e-03
9.68709364007610e-03
7.47037751584340e-04
-1.72867620466510e-02
1.17224746157420e-03
4.61262344514460e-03
4.84128248817200e-03
-1.27860082059550e-03
-4.79044759996020e-03
4.42762802783400e-03
-6.56740513351560e-03
9.69067941917850e-04
4.03029393286540e-03
9.71847707798020e-03
-1.69761762980270e-02
-4.63333483054090e-03
5.73307209525500e-03
-1.31095448649670e-02
-7.02531418549420e-04
-1.01863309504270e-02
1.24875204097450e-02
-6.86383673058200e-03
-2.58125658993780e-02
1.46131471538530e-02
2.27308006256730e-03
1.36841992746000e-02
-6.69952392976910e-03
2.24903107242380e-04
-1.01592083991020e-03
2.85247225726470e-04
-1.69026972216140e-03
8.19039487646650e-03
-1.54862579176020e-02
-4.37250274098760e-03
-6.83069658035640e-03
4.65035923022160e-03
5.45921339385860e-03
-1.20548410709380e-03
5.55134636369900e-04
-2.19167961647230e-02
-1.14524580724090e-02
-1.32131578750220e-02
-4.06665631442560e-03
-6.73450270820860e-03
-1.24959187638800e-03
-8.07928358619790e-03
-3.88916561154770e-03
-1.43009170777350e-02
-4.91338683107150e-04
-3.94232260680300e-03
5.67750987065760e-03
-8.09419808622190e-03
-1.95914125401240e-02
-3.01207170936520e-03
-1.59355076275830e-02
-3.30344181546050e-03
3.56393591091670e-03
1.57111184057000e-03
-4.50478486626570e-03
-2.61537369815280e-03
-1.26520499651560e-03
5.04266067172460e-04
-5.55268954186260e-03
3.36232710115350e-03
-2.90649751181750e-03
2.04704582082570e-03
8.47549156191110e-03
-2.61061667505290e-03
-6.98554588415320e-04
-9.02526625446830e-03
1.45377702152280e-03
-6.39390380027980e-03
4.16230213036050e-04
-3.70650491613820e-04
-2.70474590469830e-03
-9.58150237865140e-03
9.30319658309180e-03
-1.29443965444600e-02
-5.12991203219220e-03
-8.92370812728510e-03
-5.10153803734310e-03
4.46297657782630e-03
-2.02842445426090e-03
5.44387430478980e-03
3.12782783284230e-04
7.36526249801220e-03
2.36779143347230e-02
-4.40568421872100e-03
-1.51670837481040e-02
-1.44201603903720e-02
5.51429522203740e-03
2.74375227373130e-02
1.07038113188190e-02
1.86650588015180e-02
8.82536876855640e-03
1.09648197241090e-02
4.22936810864040e-03
3.05750160867530e-02
3.43622870616100e-02
7.92958981642610e-03
1.17327329620510e-02
-2.18135870888380e-03
7.45706008787860e-03
-3.67758792138510e-03
3.15765354963670e-02
-1.98177329831460e-03
4.14677568887780e-03
-7.69861639902380e-03
-1.19152366715030e-02
-9.46189865966130e-03
1.47428130756580e-02
3.33805948427250e-03
-1.17855876018600e-02
-3.30739449469880e-03
-6.69820140469650e-03
2.19109944268010e-02
2.93485745144570e-02
3.45762301468770e-03
-2.48657519884610e-02
-2.15558747503170e-02
-2.35910873478690e-02
-2.56717022404280e-02
-1.02776486242220e-02
-2.04778361326580e-03
2.53567168246940e-02
1.53862821094240e-02
9.88347873018530e-03
-2.40416973320670e-03
-1.83330545964620e-02
-2.02288556919130e-02
1.28873654365510e-02
1.71474559964640e-02
1.42673255719610e-02
8.80684743025860e-03
3.15566626588120e-02
2.16343251919450e-02
3.22232594320520e-02
9.18252073282410e-03
1.26756022509050e-03
1.38657623544210e-02
-1.15936339334650e-02
4.84795621951740e-03
-4.76476835922100e-04
2.22808181520570e-02
1.95731531397440e-03
-1.30799248771620e-02
-3.13174327870070e-02
-2.50811694737880e-02
1.58285736086350e-02
9.34672468952370e-03
2.15229598695010e-02
5.29346621988700e-03
-1.11782817419010e-02
-3.95886162197120e-03
1.51300534813460e-03
1.01013887917430e-02
1.15768545073640e-03
-7.31346575835150e-04
1.05455564133820e-02
-1.87064242736850e-02
-3.16957977398730e-03
-5.57833699255980e-03
6.77815974365340e-03
-1.52603432513160e-02
1.20818278219670e-03
-9.85262839675070e-03
3.63354288494130e-03
-3.64982416009160e-03
4.03653709543650e-03
4.42840111300320e-02
-7.05531327766690e-03
9.83786572344180e-03
-4.57428202202480e-02
-4.70685601427930e-02
-7.27406745690030e-02
-4.93198514178050e-02
-2.94064196141640e-02
-8.99995436479780e-02
-9.23966903861420e-03
-1.68796859712450e-02
-3.64604335775880e-03
-4.84280258536790e-03
-1.74073986251940e-03
7.50378514663710e-03
8.67586399834050e-03
-2.32249543380850e-02
1.81435593187370e-02
-9.21722384072840e-03
7.02594763839410e-03
-1.20702585820710e-02
1.41556014700720e-02
-2.64035813169430e-02
2.57849391005840e-02
-6.62759615781920e-03
1.75346429319650e-02
1.05275521526580e-02
8.88676630779160e-03
-6.53525799458180e-03
-3.13825331334830e-02
4.23253411447100e-02
-1.05221762743570e-02
9.36790211788690e-03
-8.77978784740660e-03
-6.94919373391640e-03
8.19536760403250e-03
-1.38184801098370e-02
2.89674827185090e-02
-2.31238110055940e-03
-1.01867600359990e-02
1.41657999600290e-02
6.67403224923570e-03
-3.67841181521820e-03
3.90966188145820e-03
-1.21420519274920e-02
7.59981706614770e-03
-1.81154869347620e-04
-1.00177688296690e-02
1.54149276394230e-02
1.53260615965990e-03
6.90800300382880e-03
1.30995100162380e-02
-3.70232763865550e-03
-2.37509293595380e-02
-1.10665415938990e-03
9.71530145581210e-03
7.44940238434840e-03
-6.05324015068700e-03
1.48863091760380e-02
2.04002626072530e-03
7.97718881215390e-03
8.26534813729930e-03
1.34011195984710e-03
-4.88852502987480e-03
-9.23411514932750e-03
-1.84290303687150e-02
-1.90819285961920e-03
4.38648137320310e-03
-3.99355112943540e-03
-5.78291203879410e-04
1.15802018324510e-02
-8.41859583337830e-04
-3.81296334317780e-03
-6.34643329240260e-03
-5.53221016780820e-03
1.46186982851370e-03
1.86533806103520e-02
-6.42794413561890e-03
6.62051558896770e-03
-1.19047871644140e-03
-5.16058300596150e-04
-8.22491778335820e-03
-1.50391847326370e-02
1.81834673429360e-03
6.15549383019620e-03
3.25820795431870e-03
-8.74758444927810e-03
1.43184651596120e-02
1.96408114161360e-02
7.86085149386170e-03
-2.54936782657820e-03
-1.28866910698400e-02
-4.60525002815240e-03
-1.30138412850440e-02
7.61641350323490e-03
-3.35335934387450e-03
1.75239393829930e-02
-1.12601293918440e-02
2.83802245794630e-03
3.07757569207750e-03
6.09901159438870e-03
2.82367826812920e-03
-5.36393470737500e-03
-2.08995919938060e-04
-3.99217446224500e-04
1.01443765102930e-03
-1.96408548134250e-02
-9.12330727300780e-03
8.72706825823590e-03
-3.69234877795580e-02
-2.20727011469140e-02
5.04690054067470e-03
-8.43673363528220e-03
1.68440541724620e-02
-7.88302446201660e-03
5.72990797357240e-03
-1.96410681551540e-03
-2.82964621839400e-03
-5.63538288154680e-03
3.68617926009020e-04
-7.94794370484830e-03
1.02892691130810e-03
-9.04291084544480e-06
4.01722748491240e-05
1.32334173421780e-03
2.77136194127950e-03
-3.15188641713510e-04
4.91073047799360e-03
-9.49087304883370e-04
-1.05214158265270e-03
-3.58045232549250e-03
-6.78543758259010e-03
-3.26592186269330e-03
-2.89019661263910e-04
-7.72710529947930e-03
-3.15728949518160e-04
-4.06379426989850e-03
7.30238428389440e-03
-1.59713485576790e-02
2.33139134610360e-02
2.34518341416480e-02
5.17296274505600e-03
2.79180181261580e-02
-1.00854889486000e-02
-2.73958605424720e-03
5.50150435854590e-03
4.62159749703290e-03
-5.32784603142590e-03
6.60208718086000e-03
-4.21893310567390e-03
1.11545946972810e-02
7.02302809605720e-03
1.75437177552070e-03
6.03986565391630e-03
-9.76821110387880e-05
8.70698808270750e-03
1.15956922714390e-03
9.60178573922070e-03
3.49837295597820e-03
-4.77245614796100e-03
6.85615551315500e-03
-5.13085987885580e-03
4.45699964379970e-03
1.23902624483190e-03
-1.07368153316100e-02
7.63433061925110e-03
-1.05376125061110e-02
7.54716280057490e-03
4.68481147877840e-03
-6.41637300131500e-03
-3.49111511706750e-03
4.21925257575710e-03
6.17242993396680e-04
2.45198353462520e-02
-2.34254303073330e-02
8.72988371360420e-03
1.53525878773490e-02
-9.27263429383480e-03
-7.52741549554690e-03
8.77546304221640e-03
5.60860525719390e-03
1.57808960595190e-03
-1.62018723449060e-03
7.94401256785310e-03
-6.78384361284900e-03
5.69536878747640e-03
5.54856799213100e-03
-1.27988315343570e-02
7.47380275865020e-03
7.80762300752570e-03
-1.01152414344140e-03
-9.74437072781770e-03
1.02659174974170e-02
-8.03502911739540e-03
2.06267993085280e-03
8.40461547907870e-03
9.18257131396640e-03
-1.94514983494990e-02
1.00839983811880e-02
-5.72264381046840e-03
-6.03656868672220e-03
3.28216955566330e-03
1.04623527212100e-02
-1.17443081982800e-02
3.02165077047120e-02
-1.00918251826460e-02
-3.67786817730550e-03
-1.87687184900850e-02
1.74983641794400e-02
3.21251859585530e-03
-1.89720091153500e-02
-7.38048360766680e-03
7.80258266353860e-03
-8.98220622151070e-04
-7.75645233248120e-03
1.01862368262360e-02
4.55191837357960e-03
-6.76444942162120e-03
2.08995030436730e-02
9.08497887336990e-04
-1.06407582113080e-02
-1.84120413839000e-03
-9.29090201574600e-05
-6.64670648924880e-04
9.33871735310680e-03
-1.36414684973580e-03
-1.04447220435200e-02
-8.61808318608840e-03
-3.68745680364990e-03
-9.83208038609330e-04
-8.09522742034850e-03
-1.76023295751560e-02
1.89407116858320e-02
-1.53865893819250e-02
2.07962256423830e-03
6.12193725675510e-03
-1.47557417680580e-02
2.50447856787950e-02
4.44346643083840e-02
-1.76752155893430e-02
-8.43253928152360e-03
1.10777000303200e-02
-1.16975988946980e-04
4.77259053915170e-03
1.13651260481960e-02
3.47842183060910e-03
-9.37549452157320e-03
-1.90883938805510e-03
-1.81846010802280e-03
-7.20296721298500e-03
-5.49227597154210e-04
-6.30936923452640e-03
1.23865536226100e-02
9.50601287705170e-04
5.14906623962450e-03
-1.10164521529760e-02
2.70582386120280e-03
5.48913574345440e-03
-9.09137680908920e-03
3.42457083010510e-03
3.70338241666230e-03
1.54070901891670e-02
-7.14310164047600e-03
-4.01078576610160e-04
-2.20379324635560e-03
-1.44646151268000e-02
2.62863664865240e-02
-2.15157485364580e-02
-7.26815836215710e-03
-8.18302944934940e-02
-4.34896174539130e-02
-8.87542461795040e-04
-2.18803347605150e-02
-9.42532814554410e-03
1.03562459550500e-03
4.56210583386790e-03
-7.00258405021410e-03
1.78555925242040e-02
1.20567038239710e-03
-1.00915971202150e-03
-1.85978234237670e-03
-2.64024264640200e-03
-7.68731805758380e-03
-1.03040317004590e-02
6.35066957454440e-03
3.93484675622920e-03
7.95364445570480e-03
-3.70383367202800e-03
-6.70333702318530e-03
2.14463107635440e-03
-2.65500457301640e-03
-5.73890124628430e-03
2.75379868900390e-04
5.12263017425100e-03
7.63616700832890e-03
-2.79221934212170e-03
2.10703708233910e-02
-1.50562921117030e-02
-1.31512373908150e-02
-5.24278876594590e-02
-7.98993065194360e-02
1.93774562554100e-02
5.14900032675630e-03
-1.67860418337790e-02
-2.19634282716590e-02
-3.68474098504150e-02
-4.22804770963110e-02
-2.46613799145380e-02
-3.88617396844310e-02
-5.20312806227200e-02
-3.69858925097890e-02
-5.19852141857820e-02
-6.20813527694490e-02
-4.71920367578920e-02
-4.80318773695940e-02
-6.34890826372750e-02
-3.24088969467330e-02
-3.72058340577060e-02
-2.58557261268830e-02
-1.70656161242390e-02
-2.52873757984950e-02
-1.22507234560690e-02
-3.68211493817800e-03
-4.18749569900750e-02
-5.05025157027490e-03
3.03220378406360e-04
2.22788465251430e-02
5.69455508457770e-02
1.00512515920790e-02
-8.03101024012280e-03
-2.66097270728460e-02
-3.08172327844990e-02
-2.37217632974030e-02
-2.97693997850070e-02
-2.91560330929240e-02
-3.25320965611990e-02
-1.94221818028770e-02
-2.59357016876870e-02
-8.23763708363900e-03
-1.14761033672840e-02
-1.08003281350470e-02
3.74759513540310e-03
-5.88311045977780e-03
-6.27306056978510e-03
-3.84634482889190e-03
-1.79146181848510e-02
-2.95274559674190e-02
-3.23331204606530e-02
-4.11325455268670e-02
-5.44228559533690e-02
-3.63707912503970e-02
-3.62780840145720e-02
-3.12314920701860e-02
-2.58168497378140e-02
-5.48335974895420e-02
-3.09752809653410e-02
2.32613406217680e-03
-7.92811755697060e-03
6.96432513159020e-03
6.30022527970570e-03
2.05910385634560e-02
3.28390965162870e-02
7.99562169205270e-03
1.50974638321520e-02
-2.38278252422690e-02
2.01792648977150e-02
-2.96648872395640e-02
1.07726222779930e-02
7.24144751944230e-03
1.43907408922110e-02
-3.55942640144010e-03
-1.95369087868970e-02
7.35724838372850e-03
1.37744848514620e-02
1.11296043543940e-02
-2.67583132052360e-02
3.84779170218340e-03
5.16965409005900e-03
-1.01928265088740e-02
-2.82335163918160e-03
1.96609466465330e-04
-1.07734065651070e-02
2.12598644728070e-02
-1.96159179444160e-03
-3.19526717201120e-03
-2.47480488736410e-04
-2.06142345052590e-02
2.42590345183270e-02
-3.48974780137960e-02
3.21236429308040e-03
-1.71862346638380e-02
-4.40801707601510e-03
-6.12888025690570e-03
-7.66906276857450e-03
2.20891135343420e-02
-9.20759089415740e-03
7.15181901364100e-03
-3.46802040766570e-02
-1.78735171204600e-02
1.39202627361000e-02
-1.09862949294260e-02
-5.46067425584150e-03
1.10258302463650e-02
-7.56090674018780e-03
1.15537213370650e-02
-3.64991778465750e-03
4.71114057488850e-03
-9.12459645320590e-03
-1.28700887185230e-02
5.78909076097040e-03
-5.91452262547790e-04
7.87484888156810e-04
-3.31950466293950e-04
7.61348631651780e-03
-1.22161460662190e-03
2.71563783456820e-02
-1.47170673545350e-02
1.28113545411170e-02
-2.23032968528280e-02
-6.87151690668230e-03
1.01461361449260e-02
-2.32318880363530e-02
1.86715621178040e-02
-1.62655751333350e-02
-1.61312710901350e-02
4.45789317794170e-03
-4.48746320584370e-03
2.53239271115580e-02
1.78938709736750e-02
2.03274669930600e-02
-9.09282497583640e-03
-1.44732031403060e-02
-9.48498711333640e-03
-2.47089355203720e-02
-2.89865392045280e-02
-2.16024143434250e-02
-2.44147038784080e-02
-2.50256949869500e-02
6.63576041220810e-03
-1.40155136400880e-02
2.89010923129800e-03
3.26470757729680e-02
7.38075892915120e-03
5.84828605597630e-03
-6.40357923139020e-03
9.56710104023900e-03
-1.71047414878220e-02
1.73673526003750e-02
2.18338989425650e-02
2.02857242286450e-02
-4.62547634675200e-03
2.50032329090560e-02
-1.30966156894470e-02
-5.06823690047380e-02
1.56059332774750e-02
-1.94763332893050e-02
-1.60513406258170e-03
1.65958408464710e-02
-2.03570672018640e-03
-2.57180093142330e-02
6.12627777333820e-02
1.10046520245470e-03
-1.81614829416510e-02
4.02007953608660e-02
4.77895046092500e-02
9.47579481796920e-03
3.88172555271440e-02
2.02528680650190e-02
4.18579228472130e-03
1.92495433299220e-02
2.11725568421080e-02
7.43144887250190e-03
2.08974122714090e-02
-1.04537191933490e-02
-1.75264358266910e-02
-9.60132990846960e-03
5.55084525780410e-03
-1.26621538306830e-02
1.18053578386110e-02
6.96461245478000e-03
3.39488909884010e-02
1.23695759011750e-02
1.40635033912360e-02
1.72834065616870e-02
-2.29843441034740e-02
2.63107065716390e-02
-1.77230985941070e-03
4.18008643707330e-03
2.31608212465350e-02
-5.07944465170550e-03
-9.24710308949910e-03
-4.47575652025150e-03
-6.04287813811720e-03
1.39898772711970e-02
2.58117151004720e-02
-2.99874430254530e-02
-1.00944907662600e-02
2.67189095721110e-03
1.24098684224170e-03
-2.85213471179780e-03
-6.92994101731880e-03
-1.18936668596510e-02
1.31465996835100e-02
-5.64572887397550e-03
2.25648306361320e-02
1.15615713255450e-02
3.28579757189150e-04
-1.53826290329720e-02
6.80211588807280e-04
-7.61404023911450e-03
-1.88930963364550e-02
2.77804299937620e-03
1.03484779043070e-02
-4.18125349539530e-03
-3.83387720300350e-03
-1.56477303486540e-02
1.22783731241820e-03
1.49212893132360e-02
-1.92181775027890e-02
-2.85412768977220e-02
2.34615555035340e-02
1.08981489504300e-02
-1.13563118916100e-02
3.74517021816390e-03
-1.62064007072740e-02
-5.18140291211230e-02
-4.15250279166090e-02
-1.92764161627370e-03
9.72361659861890e-03
1.64946697262580e-02
6.66435831660280e-03
6.57452757028600e-03
-3.62314138092370e-03
4.52065194078230e-03
7.06351901100180e-03
6.25585528614570e-03
1.64899352581520e-02
1.07649116216450e-02
1.86292232803900e-04
2.82296253297390e-03
-2.47518507083810e-03
-3.02391591436830e-04
-4.22847677195400e-03
-1.48966359772070e-02
-1.17121258736120e-02
2.04953983687050e-03
1.24396276835140e-03
1.65717741650870e-02
1.77156611347590e-03
-3.60999950786020e-02
-1.06867708872930e-02
5.84713107021520e-03
1.16178278341950e-02
-1.11453429255470e-02
-1.34065020435620e-02
4.66399858457030e-02
5.06738235254840e-02
-2.50529119803620e-02
7.00957827727910e-05
4.03062972123450e-03
3.02575707730920e-02
-2.56512106982360e-02
1.04608329633740e-02
-6.94791458857820e-03
-1.13265071660390e-02
2.29538560082420e-02
-4.86369726503210e-03
-1.63788579154270e-02
1.62110116629480e-02
-1.55339427502410e-02
1.33351634888720e-02
2.37331234955060e-02
4.62373450409210e-03
1.16458825193380e-02
-1.28410576316550e-03
1.56066623806280e-02
-7.24951917308710e-03
1.85876522211840e-02
-1.85092227444100e-02
1.41547840478680e-02
5.76092685473260e-03
-2.17394470638510e-02
-6.22533732395280e-03
-4.07386620878960e-02
2.57032407927890e-02
-1.62023808004820e-02
5.04211953235530e-02
-4.52273053365640e-02
1.40806150488840e-01
-1.59400680585470e-02
-1.10890090463960e-02
1.36571086673430e-02
6.35398984954480e-03
1.12174869344870e-02
1.98761787316130e-02
8.98432883156320e-03
-1.74186511460440e-02
1.27156893331370e-02
7.20894210141470e-03
-4.65416631862030e-03
3.21789373221410e-04
1.39129798984160e-02
-4.56317275834450e-03
-1.07290914883640e-02
1.21824373900560e-02
-2.81618833837540e-02
-1.41541354887150e-03
6.30137493103720e-03
-1.19654732953700e-02
5.57649558812300e-03
7.73613588125410e-03
-1.26140561348810e-02
2.09436741126300e-02
3.19633990429800e-02
1.49569271626320e-03
-4.54403103174660e-03
-2.74962144171620e-03
-1.22398761718260e-02
4.42241337561340e-03
-4.37267316642620e-03
6.50646538784840e-03
