0.00000000000000e+00
0.00000000000000e+00
5.62508615182831e-02
-3.18023511781551e-02
-7.41587954539400e-02
-5.44644294808491e-02
4.46211862433959e-02
9.42633678785077e-02
-6.12323159611960e-04
-7.62344036469871e-02
-7.75936842417496e-02
1.25578833660775e-02
5.69541881049356e-02
6.39402981932179e-02
-4.38811771086891e-02
-8.70816615301065e-02
-1.71418326936855e-02
4.43238352467574e-02
6.33800982068757e-02
-2.07366043973799e-02
-6.72976838142208e-02
-3.38171385610236e-02
5.05930485498400e-02
4.89807301337084e-02
1.60175493103897e-02
-5.34252513745794e-02
-6.12100913418998e-02
1.44981583781309e-02
6.79080546563941e-02
4.06063300399900e-02
-3.26783547376059e-02
-5.01687132217468e-02
-5.76428471630468e-02
4.06692978621144e-02
7.53227986444961e-02
2.31623783099506e-02
-5.42464865131437e-02
-3.55106375072156e-02
1.71917174311266e-02
4.44428336940181e-02
8.36386450541793e-02
-3.21746619192474e-03
-4.37879395062183e-02
-1.59486856888872e-02
5.52247034041409e-02
4.85225339145379e-02
7.68324645857717e-03
-2.88598557116338e-02
-1.25547503094353e-02
2.93444876533655e-02
4.08677985064533e-02
4.60361242385167e-02
-2.82641837059292e-02
-6.13391193773537e-02
-4.59016552191844e-03
5.68641907270368e-02
4.52211811057426e-02
2.83645830702844e-03
-4.52877334175765e-02
-4.32777932416158e-03
1.85331482596079e-02
2.59248781201566e-02
2.35803367464608e-02
4.84130849446075e-02
-4.64177724007225e-04
-3.01523005549758e-02
-8.06454148830148e-03
5.06384105889003e-02
5.67238919872563e-02
1.29147098340723e-02
-2.31193591142221e-02
-2.64959542620299e-02
1.41470914731894e-02
5.23489038186445e-02
3.11374317702014e-02
-1.11025171883855e-02
-2.32839454110275e-02
4.54316925583940e-03
6.16450581730836e-02
6.77675927088103e-02
4.50292044182518e-02
-2.78818705509677e-02
-4.50703917125480e-02
1.03233247005292e-03
5.73867368474418e-02
7.74951763281245e-02
-4.69275961990521e-04
-5.76983824060765e-02
-2.31991395697343e-02
7.64187680037108e-03
0.00000000000000e+00
0.00000000000000e+00
0.00000000000000e+00
0.00000000000000e+00
-6.30991030851643e-02
-6.91265789114852e-02
-9.26587706064975e-03
6.88990906839426e-02
4.99452912030814e-02
-3.01986868054314e-02
-6.20912576005943e-02
-6.56186545808942e-02
5.25199872644049e-02
4.54054422984892e-02
3.58154200372744e-02
-4.28391404131069e-02
-8.50377355496272e-02
-5.46843148709418e-03
9.03633135193422e-02
6.23716545169498e-02
-5.63309272778023e-02
-7.68492902596299e-02
-3.19348613830241e-02
7.56725428482868e-02
6.51756689493170e-02
1.34539511917486e-03
-6.69765870286994e-02
-3.26407027976881e-02
1.51028406416101e-02
8.92594736433666e-02
3.26702602664200e-02
-5.79591900620328e-02
-7.41266717918700e-02
-2.87898665646262e-03
7.96179615765945e-02
5.99790344576062e-02
-1.89867957353781e-02
-6.58393179534429e-02
-3.74173368336816e-02
3.06518934225355e-02
6.73078508515645e-02
1.46933739303626e-02
-3.53152579333797e-02
-7.37944839162932e-02
1.23277591519103e-03
6.03257882415368e-02
2.84860938161776e-02
-1.49792364536109e-02
-5.07014846733956e-02
-3.32793122925232e-02
2.21385494727623e-02
4.62586087508000e-02
2.53635663891574e-03
-4.35112056815884e-02
-3.75711714042113e-02
7.70834770059522e-03
7.78914865839948e-02
2.35224207297722e-02
-1.24294004378619e-02
-3.49351724354944e-02
-1.99203095804664e-02
1.66397893506854e-02
2.87205579014472e-02
3.75228725985593e-02
-7.05682151772887e-03
-3.03231109925010e-02
-5.20842292247839e-02
7.94629017437331e-03
5.58693362063890e-02
3.05913633867613e-02
-2.70805573714447e-02
-2.32214597867514e-02
-7.88366926599130e-03
2.91449984681311e-02
3.77586195858377e-02
-1.21854424351669e-03
-3.84668867724645e-02
-6.42194983443059e-02
1.84889201109469e-02
3.02023211668779e-02
3.82583903294115e-02
-1.04611286431511e-02
-4.48002427279902e-02
-3.88568646649478e-02
7.45579756616396e-03
6.69592968410545e-02
1.60868457700608e-02
-4.19882881937745e-02
-4.96264678190420e-02
-1.06410958970387e-02
4.61928336432437e-02
4.87634745783064e-02
0.00000000000000e+00
0.00000000000000e+00
0.00000000000000e+00
0.00000000000000e+00
5.52245571110579e-02
7.96032823835620e-02
8.53715133564578e-02
5.41523117153088e-02
8.42566211278314e-02
6.20920586826303e-02
6.55108086836055e-02
5.50388304208789e-02
4.49961059786625e-02
4.11196198305866e-02
2.45542635857483e-02
4.43310404201908e-02
6.02602085159198e-02
2.16309124620112e-02
4.13107852973190e-02
8.56186313825441e-02
6.02227626637724e-02
7.20857673387332e-02
7.32495687921363e-02
7.38581862844272e-02
7.22976055518470e-02
5.42680400433289e-02
6.28204366666364e-02
7.37436763174317e-02
4.90878673487265e-02
8.33768288492813e-02
8.42429146935038e-02
7.76042617210151e-02
6.33253071445229e-02
4.63241242328168e-02
4.51356102414160e-02
4.29933098848383e-02
4.38798603845513e-02
7.52556868155273e-02
5.61538216970414e-02
8.05112512902325e-02
4.74371225552998e-02
3.74275221423654e-02
3.15727870356829e-02
5.76333702549910e-02
4.26004604301599e-02
4.22730241441732e-02
5.86412883840110e-02
5.17949692827275e-02
9.96479337640483e-03
1.90659205813241e-02
5.60112476972655e-02
6.69563751402206e-02
3.81489152444649e-02
4.15546598861454e-02
3.61627707403023e-02
4.13669091135202e-02
4.07358611755561e-02
4.66416768756352e-02
5.36720551794118e-02
6.36037426384096e-02
2.37547311089195e-02
3.99688089617540e-02
2.39154803843541e-02
2.37055728299645e-02
-2.94373931563663e-02
-4.59235019242516e-02
-3.00585033406070e-03
-2.03383508656704e-02
-1.62479987337415e-02
3.17772917193464e-03
-9.45097426600872e-03
-3.21109819737644e-03
7.73407640522307e-03
-4.08297112755757e-03
-5.06956310461144e-02
-6.76388660348490e-02
-7.26397972043534e-02
-1.79148317519554e-02
5.24546784473350e-03
-1.33052602419517e-02
-5.85871134491157e-02
-5.19984651432631e-02
-5.94517032376830e-02
-4.04041458996233e-02
-6.63766349563403e-02
-3.86284749529844e-02
-6.68768069524491e-02
-5.05483127102176e-02
-6.03378341646464e-02
-4.90159219850467e-02
-3.99302075815583e-02
-7.23465657104966e-02
0.00000000000000e+00
0.00000000000000e+00
0.00000000000000e+00
0.00000000000000e+00
6.21713754615903e-02
9.27384543586521e-02
8.01740211363339e-02
9.91520381531329e-02
8.36000940196959e-02
6.13624198760449e-02
5.27839915027869e-02
5.28004317010789e-02
6.68723930143318e-02
7.32780024593746e-02
7.41396546282513e-02
6.12526131051849e-02
6.05715788014676e-02
5.63937854621999e-02
7.74655476167422e-02
9.26716164438060e-02
7.14024644671123e-02
9.43134273103721e-02
5.26622612105063e-02
7.87320585332735e-02
5.15954732450383e-02
6.70712764084168e-02
6.96987502757083e-02
4.01668775439126e-02
6.56303334722384e-02
5.49401483463684e-02
5.40657106890050e-02
3.07500068824133e-02
2.65463175846222e-02
1.94027712856219e-02
4.48025087392688e-02
7.52407826632502e-02
5.59977458378006e-02
6.74516591831374e-02
4.94422477210601e-02
4.79229816260651e-02
4.59394772929155e-02
6.75262424977659e-02
6.92528403371551e-02
7.01014052646945e-02
5.98146168310880e-02
7.48521705985430e-02
5.58794264953261e-02
4.59684514252109e-02
2.99653578920985e-02
3.71463469860840e-02
2.51336130354505e-02
4.38836889210049e-02
5.73979700755673e-02
3.61194510006660e-02
3.92209995876134e-02
3.38376536531335e-02
2.36347191523218e-02
4.50519180079551e-02
5.21291069543604e-02
3.76998216508899e-02
1.21759883587143e-02
1.08948963914447e-02
3.16090914502847e-02
3.54046524509979e-02
4.81650990291035e-02
2.25311577484349e-02
3.58086298087019e-02
3.55773310847127e-02
7.84814121912355e-02
9.18856592600563e-02
9.27448347751328e-02
6.05440285030394e-02
3.60931318117556e-02
3.83404432655316e-02
4.95401851359017e-02
8.00518406204989e-02
5.61577048928160e-02
7.16567241908708e-02
7.61508748599615e-02
6.23405822556316e-02
2.73974213433721e-02
3.37997428465335e-02
2.52040896897737e-02
2.00421106925845e-02
5.89528838565713e-02
5.76509001244283e-02
6.26689588133018e-02
3.85789698772001e-02
4.37598293915142e-02
4.43551764124986e-02
2.36482092666167e-02
-7.48794766651690e-03
0.00000000000000e+00
0.00000000000000e+00
0.00000000000000e+00
0.00000000000000e+00
-3.67838011360113e-02
-5.99738718388876e-03
1.75141274397579e-02
-4.17544312899984e-02
-7.03390855665940e-02
-5.57575052156038e-02
-7.22688667880505e-02
-4.54467067251192e-02
-5.54459351907522e-02
-5.52709459064465e-02
-6.13586314022858e-02
-1.30570859566997e-02
-2.94160121655923e-02
-3.01475236161578e-02
-3.62957711228232e-02
-6.47197140825361e-02
-4.68939565615620e-02
-3.26196831799050e-02
6.76659172054993e-03
2.92023637364361e-03
-9.03863830326305e-03
-6.28076914343473e-02
-3.30796887877329e-02
-3.06485904102482e-03
-5.22056058687538e-03
-1.29711901039174e-02
-3.32288053311318e-02
-3.28978383197812e-02
-1.74343559131540e-02
1.36135878896668e-02
-3.79278940570443e-02
-3.78240501860062e-02
-4.97407702799685e-02
-5.40533605530555e-02
-3.90631308794496e-02
-6.71443035604788e-03
-2.52187512083195e-02
-7.53411402491921e-02
-2.39758397379992e-02
-2.14469208689958e-02
2.05507048487819e-03
1.53227797574367e-03
-4.11197078218982e-03
-6.10738133221316e-02
-7.24082612545571e-02
-5.88214283238842e-02
-4.26192516598431e-02
-5.08670681438143e-02
-6.58554780238334e-02
-2.15741423026804e-02
-2.63180394742784e-02
-3.64568714682190e-02
-2.79349458041918e-02
-3.16628376736744e-02
-4.20692300935211e-02
-3.05539124952283e-02
-4.82754555394833e-02
-1.86543496178761e-02
-1.31519846024362e-02
-4.39799271020400e-02
-7.25557460507187e-02
-3.63284273057875e-02
-2.96579616852552e-02
-3.50687567438024e-02
-6.84158564094409e-02
-7.37556071749147e-02
-6.75166070438195e-02
-4.90157849370117e-02
-3.88824381967036e-02
-5.52313928918939e-02
-8.74496624740604e-02
-1.10328453967869e-01
-1.00843818473821e-01
-6.46617622165504e-02
-4.38694085946626e-02
-7.11567469962164e-02
-7.72251489263684e-02
-7.92712169705115e-02
-4.97669902251208e-02
-5.67046996270797e-02
-6.58825136431668e-02
-1.12689334388939e-01
-1.28466200112688e-01
-9.44115548345231e-02
-7.66125066619857e-02
-7.79918128801196e-02
-6.64551557180172e-02
-1.12262492244162e-01
0.00000000000000e+00
0.00000000000000e+00
0.00000000000000e+00
0.00000000000000e+00
7.46757716277926e-02
8.97503319479727e-02
4.83738343042463e-02
3.80673007941926e-02
3.76554636411950e-02
7.36711407912796e-02
1.28575702679967e-01
8.91976058224078e-02
1.16202160141230e-01
8.59897446829431e-02
1.50755577818948e-01
1.59925671755085e-01
1.29279315589113e-01
1.21143027672706e-01
1.44982501263737e-01
1.62670664594775e-01
1.44597511198347e-01
1.73210964078707e-01
1.44677470756101e-01
1.52203485377364e-01
1.32741306228099e-01
1.43784417554250e-01
1.49948873921612e-01
1.55484162717123e-01
1.18547166831084e-01
1.29277311595093e-01
1.29909639086669e-01
1.30533099584323e-01
1.21438694940120e-01
1.17347388575453e-01
1.18991790760426e-01
1.01842666819709e-01
1.17463258710103e-01
1.50774855545370e-01
1.49988395648972e-01
1.27938437357841e-01
1.19532433397855e-01
1.06548790853222e-01
1.38317578088506e-01
1.43050891490503e-01
1.48915259986521e-01
1.21062044800649e-01
6.21447672557815e-02
6.52796479995219e-02
8.11672878763541e-02
8.78436963392276e-02
8.14513377365006e-02
7.81714234672513e-02
8.68593565515507e-02
1.01723831069983e-01
1.16665169469837e-01
1.01976771441868e-01
1.19418689827002e-01
8.96054355046671e-02
1.39538343511424e-01
1.44055670101212e-01
1.21880381903729e-01
1.17555450417354e-01
1.04186052084940e-01
1.15921211279855e-01
9.85728259567923e-02
1.12928341582539e-01
9.39716959076319e-02
9.75258647924925e-02
8.79749390697219e-02
1.02257942727814e-01
1.07661079622118e-01
1.27446667600057e-01
9.65411462748414e-02
7.48466685165267e-02
5.50108466838459e-02
6.99126265373171e-02
1.09508886613050e-01
8.76064672674353e-02
9.43103785347388e-02
5.41901260644601e-02
7.16736552029322e-02
8.08858411572735e-02
9.68069995634282e-02
6.13293245045298e-02
1.79110537117533e-02
3.06197809557373e-02
3.22815381352730e-02
7.10648428420487e-02
8.04488588984779e-02
6.06499829592211e-02
2.19552443176410e-02
2.68711006206077e-03
0.00000000000000e+00
0.00000000000000e+00
0.00000000000000e+00
0.00000000000000e+00
-6.40388399227895e-02
3.26561864620869e-03
3.92111674600351e-02
1.68739033296380e-02
-4.57413265249528e-02
-7.26333351477331e-02
-2.31945296995020e-02
5.42125821524137e-02
8.63993274746430e-02
-1.90215346243917e-02
-1.33585235673060e-01
-1.18322496618550e-01
-7.29517569661103e-04
7.26805412324897e-02
4.30519777061098e-02
-4.85160305711620e-02
-1.40755586681871e-01
-8.04864115367733e-02
7.22639265018640e-02
1.08733039771235e-01
2.77157710317977e-02
-1.20863534508710e-01
-1.11084162091781e-01
2.52891618996431e-03
9.03502869965372e-02
6.45462572312962e-02
-3.79100582045063e-02
-1.21519375560542e-01
-4.81859621644246e-02
3.74093563385414e-02
6.34600610613393e-02
-3.84787554526065e-02
-1.27310740180121e-01
-7.26177755309145e-02
4.15909772699436e-02
1.27451793981461e-01
4.18676016702159e-02
-1.10167666064903e-01
-1.26410988879761e-01
-2.23513412720262e-02
8.00380062262054e-02
8.23816787006977e-02
6.19680431304403e-03
-6.14649726263993e-02
-4.96849584235838e-02
5.50242134248720e-02
9.82025896383532e-02
1.33213862108923e-02
-9.71472065644541e-02
-8.67856673602566e-02
-1.73376285752406e-02
7.15952863821359e-02
4.63858297077060e-02
-4.58381002497760e-02
-1.17945331538951e-01
-3.87089087741016e-02
5.17518133526591e-02
1.23881184135893e-01
3.04930580613488e-02
-6.13075786754925e-02
-9.17258689846645e-02
1.46852635030092e-02
1.16592811762668e-01
5.49298772277273e-02
-6.75757739035293e-02
-7.80186620588212e-02
4.60307292905244e-04
1.04954998352470e-01
9.99509995980707e-02
-1.81083717363666e-03
-1.07347621559754e-01
-5.96175733976318e-02
4.39255404893547e-02
1.32265148297603e-01
5.30865803657434e-02
-6.94268400616248e-02
-9.03420189350892e-02
1.96467806411682e-02
9.62912589298831e-02
4.99215728284828e-02
-5.42175161583719e-02
-5.82946033867093e-02
1.85863204108562e-02
1.32984293786681e-01
7.86487034808606e-02
6.73001237455620e-03
-4.13588970204792e-02
-1.63307315266396e-02
0.00000000000000e+00
0.00000000000000e+00
0.00000000000000e+00
0.00000000000000e+00
-6.65211587498526e-02
-5.62620362419632e-02
-3.97989225465387e-02
5.83628414436629e-02
2.78093665589138e-02
-5.26616234537504e-02
-1.31819058720373e-01
-1.06364947798644e-01
2.33614893826699e-02
1.14997882381687e-01
5.84827340824812e-02
-6.05664328159364e-02
-1.48640761568170e-01
-6.58547183102724e-02
9.85103623929238e-02
1.39028873885732e-01
-4.82063945584746e-03
-1.03158021008060e-01
-1.33652646680446e-01
3.69014294699420e-02
9.69640299046942e-02
6.45935283066822e-02
-6.80480667904182e-02
-1.29679200255288e-01
-3.22115804285055e-02
7.14134532089051e-02
9.55899139782577e-02
-2.90439376505737e-02
-1.23643357976765e-01
-1.10280999673493e-01
1.59134031872292e-02
9.93466677129669e-02
1.67556023518580e-02
-1.10932253906975e-01
-1.26211238675311e-01
-2.16012672545595e-02
8.21040020971716e-02
7.54537512581615e-02
-4.12150105850081e-02
-1.33942478978212e-01
-7.84353225007943e-02
5.20628757332365e-02
6.85946356455451e-02
-2.32093492978937e-02
-1.01219834201616e-01
-7.54310549550523e-02
2.96450645716828e-02
8.95886350721627e-02
6.68016023228213e-02
-5.37287632428469e-02
-9.57157988359941e-02
-4.47889331609949e-02
4.31223590781190e-02
8.40035441397695e-02
2.25843355378103e-02
-9.51928866474624e-02
-1.08764136895282e-01
1.53215303069773e-02
8.53500771449999e-02
4.43438095690498e-02
-6.35244694535396e-02
-1.18333733985467e-01
-3.44680277238436e-02
6.65937495102890e-02
6.29921907923916e-02
-6.11248418309659e-03
-8.36186111218387e-02
-4.97977679434697e-02
3.28466640524091e-02
7.18136265268427e-02
-2.50314451961100e-02
-8.41518888510650e-02
-1.00800057499169e-01
3.82445062764153e-02
1.03687291663128e-01
5.03475599916476e-02
-1.02372817923652e-01
-1.11954369327638e-01
-5.21252268424422e-02
4.87657632984627e-02
4.23282766864849e-02
-5.08686052606802e-02
-1.02177745967851e-01
-6.92144965426526e-02
5.18069303792915e-02
9.18189926771141e-02
-2.92358418692317e-02
-1.00718374229243e-01
0.00000000000000e+00
0.00000000000000e+00
