-1.03800571071318e-07
1.41211899500473e-05
4.98100019170858e-06
1.20562035446838e-05
1.60241358293233e-05
-1.55217906429152e-05
-1.33944585692189e-05
1.40023202258141e-05
-1.51584344513819e-05
-1.70545468445868e-05
-2.16409481068035e-05
-5.84974629496900e-07
-7.50778676972623e-06
1.34459219860582e-05
-1.78491960814121e-05
-1.97266912747273e-05
-2.54743110663760e-06
-2.12305867354395e-05
-9.29768562397309e-06
-1.12673980916732e-05
1.05868020738682e-05
1.72928614707911e-05
2.16430289893689e-05
-1.69965426525354e-05
-4.71912582908312e-06
-2.10015925002854e-06
1.69486352483163e-06
1.29119998898289e-05
-1.51785127917744e-06
-2.87311230789434e-06
3.08685535907611e-06
2.08486280683149e-05
-2.04125522782759e-05
2.13789625540192e-06
-1.66267781407296e-06
-5.48819403099370e-06
-7.64566463298785e-06
1.39297234532762e-05
6.51114817477513e-06
-2.01073116163796e-05
2.19903854286758e-05
8.40751816053534e-06
1.90842230275927e-05
1.85764289909596e-05
2.11170991619103e-05
-4.57608184010764e-06
-1.05462448082390e-05
-3.10329316394820e-06
1.17527924919619e-05
4.43092337069900e-06
-1.86180362932105e-05
9.08767138319136e-06
-1.49274947865098e-05
-2.07771711282366e-05
-7.63507835298221e-06
-1.16136963076196e-06
-1.91894903131086e-05
-5.21102645663926e-06
-1.69471930544568e-05
1.76084122760619e-05
1.17429186029293e-05
-5.53561284285087e-06
-2.10675204408787e-05
1.80616936069487e-05
1.27252067859095e-05
5.30103598894116e-06
-1.28137657666089e-05
-9.22768987319353e-06
7.17724089779159e-06
1.71611228699390e-05
7.60516979955118e-06
-7.56708313786240e-06
-1.30015726683478e-05
-2.16976152214955e-05
-1.90358242893552e-05
1.02211146929126e-05
2.13187115647031e-05
8.44219809321848e-06
2.17956656062939e-05
8.46521675463543e-06
1.99095902070112e-05
3.71623363916444e-06
1.40187449947926e-06
-1.47211666000929e-05
-1.51587725087515e-05
1.94582862080419e-05
9.69723870667612e-06
-1.04218275676514e-06
1.70452696569038e-05
-4.25617895499195e-06
-1.45962899623243e-05
-1.63572722730195e-05
-3.91381730472574e-06
-2.11100897335380e-05
2.82393159897912e-06
1.25235057000398e-05
-1.03492532077945e-05
-1.26953173638386e-05
-1.43257632129013e-05
-3.14264293359397e-06
2.09754332092332e-05
-2.01470711926945e-05
1.85425703872858e-05
-1.51533372455572e-05
1.96989736758353e-05
1.16919585013324e-05
-1.98206660454436e-05
-1.09258650208543e-05
1.90143228722022e-05
1.50307842691413e-05
-1.52424412833480e-05
8.47595218521203e-06
-5.91141403714874e-06
1.94364008735092e-05
5.03666635387846e-06
8.85687928370403e-06
1.30898748402493e-07
9.37941002069962e-06
-1.62438088128724e-05
1.46140610796878e-05
1.07893576736474e-05
-1.90894056817458e-06
-1.86999453309097e-05
-5.64039106474675e-06
1.92659559838231e-05
-3.61096153728443e-06
-1.18086688717867e-05
3.22041624155799e-06
-6.92003807142125e-08
9.41412663336486e-06
3.32066679447239e-06
8.03746902978923e-06
1.06827572195489e-05
-1.03478604286101e-05
-8.92963904614593e-06
9.33488015054274e-06
-1.01056229675879e-05
-1.13696978963912e-05
-1.44272987378690e-05
-3.89983086331265e-07
-5.00519117981748e-06
8.96394799070544e-06
-1.18994640542747e-05
-1.31511275164849e-05
-1.69828740442507e-06
-1.41537244902930e-05
-6.19845708264873e-06
-7.51159872778216e-06
7.05786804924546e-06
1.15285743138607e-05
1.44286859929126e-05
-1.13310284350236e-05
-3.14608388605541e-06
-1.40010616668569e-06
1.12990901655442e-06
8.60799992655261e-06
-1.01190085278496e-06
-1.91540820526289e-06
2.05790357271741e-06
1.38990853788766e-05
-1.36083681855173e-05
1.42526417026795e-06
-1.10845187604864e-06
-3.65879602066247e-06
-5.09710975532524e-06
9.28648230218416e-06
4.34076544985009e-06
-1.34048744109198e-05
1.46602569524505e-05
5.60501210702356e-06
1.27228153517285e-05
1.23842859939730e-05
1.40780661079402e-05
-3.05072122673843e-06
-7.03082987215932e-06
-2.06886210929880e-06
7.83519499464127e-06
2.95394891379933e-06
-1.24120241954737e-05
6.05844758879424e-06
-9.95166319100651e-06
-1.38514474188244e-05
-5.09005223532147e-06
-7.74246420507976e-07
-1.27929935420724e-05
-3.47401763775950e-06
-1.12981287029712e-05
1.17389415173746e-05
7.82861240195286e-06
-3.69040856190058e-06
-1.40450136272525e-05
1.20411290712991e-05
8.48347119060634e-06
3.53402399262744e-06
-8.54251051107261e-06
-6.15179324879569e-06
4.78482726519439e-06
1.14407485799593e-05
5.07011319970079e-06
-5.04472209190826e-06
-8.66771511223183e-06
-1.44650768143303e-05
-1.26905495262368e-05
6.81407646194175e-06
1.42124743764688e-05
5.62813206214565e-06
1.45304437375292e-05
5.64347783642362e-06
1.32730601380074e-05
2.47748909277629e-06
9.34582999652840e-07
-9.81411106672862e-06
-1.01058483391677e-05
1.29721908053613e-05
6.46482580445075e-06
-6.94788504510090e-07
1.13635131046025e-05
-2.83745263666130e-06
-9.73085997488287e-06
-1.09048481820130e-05
-2.60921153648383e-06
-1.40733931556920e-05
1.88262106598608e-06
8.34900380002654e-06
-6.89950213852966e-06
-8.46354490922572e-06
-9.55050880860086e-06
-2.09509528906264e-06
1.39836221394888e-05
-1.34313807951297e-05
1.23617135915239e-05
-1.01022248303714e-05
1.31326491172235e-05
7.79463900088829e-06
-1.32137773636291e-05
-7.28391001390286e-06
1.26762152481348e-05
1.00205228460942e-05
-1.01616275222320e-05
5.65063479014135e-06
-3.94094269143249e-06
1.29576005823395e-05
3.35777756925231e-06
5.90458618913602e-06
8.72658322683287e-08
6.25294001379975e-06
-1.08292058752483e-05
9.74270738645854e-06
7.19290511576492e-06
-1.27262704544972e-06
-1.24666302206065e-05
-3.76026070983117e-06
1.28439706558821e-05
-2.40730769152295e-06
-7.87244591452449e-06
2.14694416103866e-06
2.13586815342916e-06
-2.46156508829498e-06
3.72855877925941e-06
-8.28265118734919e-06
3.61529616950612e-06
-6.61349189156618e-07
1.40496422234686e-05
8.08559252051463e-06
-1.40057873477384e-05
-8.26310034269373e-06
-1.12455789981543e-05
-9.61813101204214e-06
-2.08929355807818e-06
4.67299995545078e-06
1.95186486341674e-06
2.04476237099908e-06
4.56716554843490e-06
-3.89321884924919e-06
1.33992810434402e-05
-8.98142178853540e-06
1.03646544734856e-05
1.36384150890603e-05
-3.52118403538170e-06
-5.00753767443544e-06
-7.08126057241768e-06
4.90171671231652e-06
-9.42497096117447e-06
-3.64908964175516e-06
-1.43872823406072e-05
-4.76468677325002e-06
-2.92189441815220e-06
-9.60442661465576e-07
4.50524618541512e-06
1.47264432448434e-05
5.17219205394667e-07
-2.85495061556824e-06
-1.30784622425710e-05
-1.34709480284064e-05
3.76402351134373e-06
-1.45706297355183e-05
-2.43232278708012e-06
-1.46217547837766e-05
-2.24494919311530e-06
-4.06426666203659e-06
3.51839567183521e-06
-2.39913360932128e-06
-1.44034893116736e-05
-2.56651739102415e-06
-8.29761228441149e-06
8.86700852111429e-07
8.28360804627011e-06
6.43546240558647e-07
1.62213685049306e-07
-1.28782515135254e-05
-2.71759606305246e-06
6.01927756637473e-06
1.25712835490220e-05
1.48426100783809e-06
-4.96271274616964e-06
4.24104565559997e-06
1.33888449905370e-05
-8.45868370985851e-06
1.19903734000943e-05
8.46931663279053e-07
-1.03800571071318e-07
1.41211899500473e-05
4.98100019170858e-06
1.20562035446838e-05
1.60241358293233e-05
-1.55217906429152e-05
-1.33944585692189e-05
1.40023202258141e-05
-1.51584344513819e-05
-1.70545468445868e-05
-2.16409481068035e-05
-5.84974629496900e-07
-7.50778676972623e-06
1.34459219860582e-05
-1.78491960814121e-05
-1.97266912747273e-05
-2.54743110663760e-06
-2.12305867354395e-05
-9.29768562397309e-06
-1.12673980916732e-05
1.05868020738682e-05
1.72928614707911e-05
2.16430289893689e-05
-1.69965426525354e-05
-4.71912582908312e-06
-2.10015925002854e-06
1.69486352483163e-06
1.29119998898289e-05
-1.51785127917744e-06
-2.87311230789434e-06
3.08685535907611e-06
2.08486280683149e-05
-2.04125522782759e-05
2.13789625540192e-06
-1.66267781407296e-06
-5.48819403099370e-06
-7.64566463298785e-06
1.39297234532762e-05
6.51114817477513e-06
-2.01073116163796e-05
2.19903854286758e-05
8.40751816053534e-06
1.90842230275927e-05
1.85764289909596e-05
2.11170991619103e-05
-4.57608184010764e-06
-1.05462448082390e-05
-3.10329316394820e-06
1.17527924919619e-05
4.43092337069900e-06
-1.86180362932105e-05
9.08767138319136e-06
-1.49274947865098e-05
-2.07771711282366e-05
-7.63507835298221e-06
-1.16136963076196e-06
-1.91894903131086e-05
-5.21102645663926e-06
-1.69471930544568e-05
1.76084122760619e-05
1.17429186029293e-05
-5.53561284285087e-06
-2.10675204408787e-05
1.80616936069487e-05
1.27252067859095e-05
5.30103598894116e-06
-1.28137657666089e-05
-9.22768987319353e-06
7.17724089779159e-06
1.71611228699390e-05
7.60516979955118e-06
-7.56708313786240e-06
-1.30015726683478e-05
-2.16976152214955e-05
-1.90358242893552e-05
1.02211146929126e-05
2.13187115647031e-05
8.44219809321848e-06
2.17956656062939e-05
8.46521675463543e-06
1.99095902070112e-05
3.71623363916444e-06
1.40187449947926e-06
-1.47211666000929e-05
-1.51587725087515e-05
1.94582862080419e-05
9.69723870667612e-06
-1.04218275676514e-06
1.70452696569038e-05
-4.25617895499195e-06
-1.45962899623243e-05
-1.63572722730195e-05
-3.91381730472574e-06
-2.11100897335380e-05
2.82393159897912e-06
1.25235057000398e-05
-1.03492532077945e-05
-1.26953173638386e-05
-1.43257632129013e-05
-3.14264293359397e-06
2.09754332092332e-05
-2.01470711926945e-05
1.85425703872858e-05
-1.51533372455572e-05
1.96989736758353e-05
1.16919585013324e-05
-1.98206660454436e-05
-1.09258650208543e-05
1.90143228722022e-05
1.50307842691413e-05
-1.52424412833480e-05
8.47595218521203e-06
-5.91141403714874e-06
1.94364008735092e-05
5.03666635387846e-06
8.85687928370403e-06
1.30898748402493e-07
9.37941002069962e-06
-1.62438088128724e-05
1.46140610796878e-05
1.07893576736474e-05
-1.90894056817458e-06
-1.86999453309097e-05
-5.64039106474675e-06
1.92659559838231e-05
-3.61096153728443e-06
-1.18086688717867e-05
3.22041624155799e-06
