4.39831662579186e-01
-7.96716231479984e-02
9.87288084849083e-04
-1.87162280819946e-02
-2.16248539317461e-02
-1.30948357232871e-02
-6.53562637459474e-03
-1.85118901884340e-02
2.18025991735538e-03
2.54037401611839e-02
-1.29854839049102e-02
-3.00053241991286e-02
-2.49531736856183e-02
-1.25874742091389e-02
-5.26442256336585e-02
1.12954316494921e-02
-6.97569299547189e-03
4.88000653613450e-03
-1.49506343190606e-02
2.83394178581318e-02
-3.79451892165613e-02
-1.58452782722253e-02
-1.98395043098431e-02
4.08473107601659e-02
-1.49130782543987e-02
1.63332765062807e-02
-2.49465971533548e-02
-2.55392287818050e-02
-2.19276404371601e-02
2.34480630250787e-02
-5.55700842615916e-02
1.50143021401745e-01
-5.29114682771088e-02
-5.87338598071126e-02
1.31760791265391e-02
-1.45162219489189e-02
1.22683674185529e-02
9.63260407479497e-03
1.19737888570704e-02
2.22842343643665e-02
2.68788721680987e-03
2.06384911961574e-02
-9.21499561026178e-03
6.24582286548922e-03
1.83218228163446e-02
-3.75899903287090e-03
6.24409968616255e-02
3.32540263815848e-02
-2.55388294875318e-02
5.26875580286853e-03
-4.50837835843576e-02
-2.34590572052428e-02
-5.56192350706367e-02
1.74795384090646e-02
-2.80046057916524e-02
3.41806535302032e-03
-1.30336200861647e-02
-9.30527982811773e-03
-3.83345767497154e-03
-1.40547459874766e-02
1.08579010620792e-02
-1.13826290825742e-02
-8.84913310939201e-03
1.58788886685779e-01
-1.75780311354313e-01
-1.14739153334715e-02
-1.87272854069739e-02
-8.96220949381008e-03
2.04997202929802e-02
-1.22483735443190e-02
4.31027824822737e-02
5.01752542701089e-03
-3.72856379164523e-03
-3.32237880437471e-03
-1.77351117020769e-02
-2.39628787174904e-03
-3.57747213873968e-03
1.94755979431611e-02
2.36165608031380e-02
-1.05473590497003e-02
-1.99575017180193e-02
2.43164408588804e-03
-6.28058682415273e-04
7.09600094597870e-03
-3.02678311191567e-02
-3.40752203911499e-04
6.70313642038472e-02
-3.73209404626866e-03
2.02137845965494e-02
1.22487314932424e-02
2.73490663826176e-02
-2.87473836786212e-03
2.25437655409916e-03
-3.28261802724613e-02
2.37667214477547e-02
-5.72093980976526e-02
1.10491624935849e-01
-5.79946501760658e-02
1.38684595726347e-02
-1.35908500945933e-02
2.74070290563611e-02
9.73645479323424e-03
2.55860307180114e-02
1.74795170501581e-02
3.29607177736695e-03
3.74078335801362e-03
-1.61207059194539e-02
1.61331138500806e-02
2.04120142717788e-03
-1.56704727885358e-02
2.37765156756912e-02
-1.01457906774772e-02
-5.86146469893219e-03
1.53722554155777e-02
-3.80954032263138e-02
2.50922522808909e-03
5.46069951937617e-03
-2.32394963574204e-02
2.83828899500346e-02
3.64185032609286e-02
-6.74004707099272e-03
-6.37061233286109e-03
-4.37235780311596e-02
-1.80642615203694e-02
3.09109524737592e-02
-1.91496442833211e-02
-1.79458492139293e-02
-4.72745617671956e-02
7.01190098959631e-02
-2.75721701459504e-02
1.83928744054528e-02
-2.15344677561728e-02
4.24735928581460e-02
-2.84005061521997e-02
1.77898948780086e-02
-1.67275714729695e-02
-1.43045308952716e-02
-4.92303576106400e-02
-1.95541538019094e-04
2.17110408932098e-02
2.18359944367731e-02
2.36964790938769e-02
6.62474431218432e-03
-2.66680206078017e-02
-1.75323810416243e-02
-9.62686261622367e-03
2.26045576535199e-02
-1.83991431195723e-03
4.79397758810063e-02
2.85142248281158e-03
3.32270555553642e-03
2.51516739528424e-02
9.67529320909893e-03
4.79596316428368e-04
-5.65902048445129e-02
2.56081658959468e-02
-4.84691438843852e-02
2.74927858766700e-02
-1.67312959987775e-02
-1.97204844005866e-01
5.63642931157952e-02
1.27500587189644e-02
2.50321084829711e-02
-2.10032665520939e-02
2.23262672566703e-02
8.78903766686395e-03
6.42614596900228e-03
-9.03314681929612e-04
1.49787618849236e-02
2.30779091449415e-02
2.12756472694392e-02
-4.07766343495006e-02
8.16495663709562e-03
-5.85544860931742e-03
-7.57610311317133e-03
-6.07625944956703e-04
1.95080507155544e-04
-3.09104983213538e-03
1.15575915047324e-02
-3.35643349741719e-02
-1.00448481920997e-02
-2.51915116399002e-02
1.33017495974784e-02
-1.11176237334032e-02
1.21325846084542e-02
-1.17566429137731e-02
2.40957982321950e-02
-2.05575366196387e-02
6.38835743772295e-03
-1.65092856607500e-02
-3.41985317598166e-02
9.57481080237314e-02
3.41841270401013e-02
-4.17845505374285e-03
1.00707605411096e-01
-4.32864918046311e-02
-7.32726082322312e-02
2.21579491983739e-02
4.25043634714332e-02
-3.34199531892735e-02
-7.49390693225078e-02
-1.67084433916374e-02
3.50422355647566e-03
-6.95098409280161e-02
-2.71654482888980e-02
1.49061997561958e-02
-2.73441369814545e-02
-8.10396990532901e-02
-2.42403412488426e-02
-7.31569661061534e-03
2.96609848027483e-02
-6.64646383996138e-02
1.14730551974085e-02
-1.99860834996015e-02
-1.61018304033112e-02
-3.75714089643620e-02
-3.77995302298798e-02
4.22389666938203e-02
-5.11372159048310e-02
-4.83823999693011e-02
1.22430306909230e-02
1.04018318080739e-02
1.89263134555779e-02
5.54581932815706e-02
-1.34306653371577e-01
5.88207014993882e-03
3.59035727722116e-02
2.86451965615652e-02
-7.13126167500463e-02
-2.46404048818743e-02
1.29581222087020e-02
1.89507111335426e-02
2.93376555258143e-02
2.30963193347246e-02
3.45858123529589e-02
7.95444744194857e-02
1.14353589513095e-02
2.77806806472336e-02
-1.63621214904112e-02
-3.17455232882029e-02
-2.07280371826263e-02
1.54520822425293e-03
-2.02882746429895e-02
-3.41558683002580e-03
-6.97684976000568e-02
-5.04173199026934e-02
-3.63234409471531e-02
2.45376010101116e-02
-2.23591900622193e-02
-6.61459347091404e-03
-1.65178341589033e-02
6.81775844329920e-02
2.09933044485118e-03
1.11729636056995e-03
-4.68273296080818e-02
5.14380508347887e-02
5.02899891070724e-02
5.56163399760748e-03
7.37835802839248e-03
6.35591653155585e-03
-1.07501183166120e-02
7.60997518036356e-03
2.71594290125783e-02
1.09046545205113e-02
1.63939835911378e-02
4.24153967027005e-02
1.94177819232884e-02
6.84764730032417e-02
-9.79421257497779e-03
5.29560285107285e-02
4.85603394368586e-02
5.13269034472501e-02
6.60967237116105e-02
7.06623451387338e-02
2.98440145883728e-02
-1.97932856723747e-02
3.82800318462669e-02
-2.65984394164076e-02
3.52944324390172e-02
6.12214201261961e-02
5.85842628900576e-02
4.96234513951908e-02
3.97039125219788e-02
-2.03094234148998e-02
5.83071997784458e-02
3.35978930757327e-02
-3.77071613740820e-03
1.60142021322217e-01
8.74210218779617e-04
2.24174541331942e-03
-7.22963376987927e-03
2.09859202524876e-02
3.41716528339439e-02
2.64407520685581e-02
2.37971969384854e-02
1.94485042106670e-02
-4.31462875877105e-02
6.05798557758540e-02
4.82541561782573e-03
1.88236291265023e-02
4.26569861601166e-02
1.16248600276114e-02
1.37913824091698e-02
-3.63896487643121e-02
3.65640144374913e-02
3.80306110592762e-02
2.75771648168676e-02
-4.67894320497110e-02
1.86566802924552e-02
4.26942916005444e-02
-4.34302178129635e-02
7.89868739047002e-03
5.67981438773630e-03
-1.05732196645651e-02
-2.95188599388819e-03
2.06871640661959e-02
-2.51823539827433e-02
3.29302952334553e-02
-1.27416289291762e-02
7.62228785136149e-02
1.07437039046316e-01
-1.20189528847309e-01
3.43276365730500e-02
1.75089325987721e-02
5.07112321861501e-02
-1.84381240082716e-03
-3.21447590072634e-03
1.85037446938627e-02
-3.21091168699836e-02
-2.76102058244958e-02
-2.25953527529045e-02
2.88640668505269e-02
4.34088757718882e-02
-1.47779935998216e-02
-1.43239659455985e-02
-5.27277033715937e-03
-2.30258260096635e-03
-2.16551906806952e-02
4.40593132813539e-02
-6.13157392559840e-03
-1.42755286554692e-02
-4.59897191557475e-03
-3.15307006529504e-02
2.54339775955640e-02
1.74285173804022e-03
-8.39947373952262e-03
1.59879155333664e-02
-9.23203627693265e-04
4.20377739354116e-02
-3.00373080788631e-03
-5.79436609491438e-02
7.06176413207622e-02
4.25760930422988e-01
-1.23815037862262e-02
1.10829644111027e-01
-1.75221393971598e-02
-1.72919591907283e-02
4.42390656605715e-03
-1.79708250630886e-02
-7.67153164344597e-03
-3.60189180096629e-02
3.14041670008453e-02
2.82637812174166e-02
3.44043640586098e-02
8.46296313412408e-03
-5.25837519465512e-02
7.98905088109652e-03
-6.74136314368776e-03
1.39330199392442e-02
-2.53080153317480e-03
2.08571994182103e-02
-1.31871155441483e-02
-5.19705023147406e-04
-2.39056180271430e-03
-1.84991444138458e-03
-4.85881961998896e-02
3.68979376599276e-02
-2.67456144944465e-02
-1.30822906496541e-02
4.87038238797445e-02
2.06144722017716e-02
-4.68552077600439e-02
-3.52184797919088e-02
-3.59559476904490e-01
3.18432334813554e-01
-5.66526569047085e-02
2.47193720501191e-02
4.60127155716273e-02
-5.32794674134628e-02
-3.70202551851066e-02
-1.03826287131035e-01
1.80888419183476e-02
1.84209009265339e-02
-3.31867637733522e-02
-2.05053243024772e-02
-4.59694037136707e-02
-1.38791371153018e-02
-7.69749843652508e-02
5.23434825207251e-02
-2.03883875578074e-02
-3.42417059355229e-02
2.46262020519996e-02
-5.51161866975527e-02
8.56675956245257e-03
-2.12562264965448e-02
1.52689665578097e-02
2.95637650449457e-02
-7.13431896609761e-03
3.46653565255801e-02
-1.06244205665170e-01
-3.28274575235327e-02
-3.33978992950456e-02
1.04987514904210e-02
4.17540848747648e-02
-5.77259801825378e-02
3.52222112115892e-01
-3.76293477731655e-02
1.05991783818419e-01
-4.27060786565610e-02
6.92556660309783e-02
-4.18610881542737e-02
2.78640576713477e-02
6.08080943709254e-02
-7.70494536200145e-02
6.02177960797909e-02
1.52697656400856e-02
5.55258479797131e-02
1.34413407029974e-02
-2.61758474496567e-03
1.12266240210691e-02
-5.12184525987591e-02
5.13215028235537e-02
-3.17568607829128e-02
8.67346272239895e-03
-2.26703305738724e-02
-7.71128614228120e-02
-6.40510004858492e-02
9.53023021450694e-03
-7.30192162828731e-02
-8.08315371972853e-02
4.51071644746369e-02
1.76428770385112e-02
-9.03080462782803e-02
9.89064716668067e-02
-5.99670151194286e-02
6.56209897036942e-02
-1.33532204282735e-01
1.03889140488844e-01
