0.00000000000000e+00
0.00000000000000e+00
7.66235883490409e-03
8.38425892493926e-03
1.17391268523560e-02
1.23675115159364e-04
5.04799519448361e-04
1.17851960724979e-02
-7.18187965306770e-04
4.95592460620897e-04
-1.23088967839605e-03
3.97010147574303e-03
2.80818329281114e-03
8.39984701106988e-03
-2.39181079748337e-03
-2.31003229639082e-03
4.21187253556569e-03
-2.82775235667615e-03
-7.11152034479418e-04
-1.67459359122555e-03
5.20583811328033e-03
5.28222350830364e-03
6.96980946635792e-03
-4.36107574652767e-03
-1.82334872667374e-03
7.75233101093177e-04
-8.56211264707628e-05
5.62364256065204e-03
1.60272892297460e-04
-3.40632892752256e-04
2.42089921568240e-03
6.19657003653351e-03
-6.97283845440422e-03
1.41012178098304e-03
-1.91700694662903e-03
-2.94620576743117e-03
-1.83334195448957e-03
3.32444004439086e-03
2.54167299504795e-03
-7.39161106183261e-03
6.32343882543382e-03
2.14159219052650e-03
5.70840429479526e-03
6.49773988776895e-03
8.13937676379249e-03
-2.00137878312238e-04
1.11039457668705e-03
1.16744356385436e-03
6.23285907959761e-03
2.95949916314008e-03
-2.70799544839347e-03
6.68843635252913e-03
2.20870622324984e-04
-5.19256341257372e-03
-3.64339140617492e-04
1.72430641508829e-03
-3.82271226013054e-03
2.87550734137553e-04
-4.02452510519212e-03
5.74546955834572e-03
4.79600194482951e-03
2.50701002055775e-03
-5.44418141291143e-03
8.23390967316854e-03
7.27821181160631e-03
1.56613199036022e-03
-3.94483864139930e-03
-2.08094489171406e-03
-9.51735588924435e-04
1.96386493324240e-03
-1.55634076306427e-03
-9.56339067221618e-03
-1.32618390408498e-02
-1.12408233719597e-02
-1.31831253486116e-02
-6.32282009732799e-04
3.03311829187877e-03
-3.49750065882854e-03
6.21616912443545e-03
5.64086948119582e-04
4.75817150967926e-03
1.84692266223956e-03
-1.36682493631220e-03
-7.01935930847993e-03
-5.64697179309202e-03
2.35257840353369e-03
8.62731493772388e-04
-4.34261703952586e-03
9.44224378126606e-05
-6.61097898675734e-03
0.00000000000000e+00
0.00000000000000e+00
0.00000000000000e+00
0.00000000000000e+00
5.26847160984946e-03
5.69115899861790e-03
-3.94214272784426e-04
-7.50623874097132e-04
-3.14014596255295e-03
1.47072301844333e-03
8.54565008963381e-03
-6.67313350670683e-03
9.95469981597261e-03
-1.53680044710342e-03
7.28932431659406e-03
5.05479074799007e-03
-5.36700337024742e-03
-2.47665461120483e-03
6.90442134531962e-03
4.95234779812514e-03
-2.90634160101247e-03
1.48963183441439e-03
-1.52254031410181e-03
4.40241876758495e-03
5.14505293699461e-04
8.15940828461083e-04
-5.92729497031694e-04
1.58634691415875e-03
-6.31541947885065e-03
3.83517135562698e-03
1.58007490619544e-03
-2.12158037567988e-03
-6.25273990056277e-03
-2.23442772628012e-03
2.83195781284988e-03
-2.72855042208743e-03
-4.72130509568275e-03
-1.64972312491290e-03
-5.29989523486286e-04
-3.63211362520622e-03
-6.77847277561413e-04
-3.54087840269259e-03
1.23267819491335e-03
-1.40249292344361e-03
4.81185576438077e-03
1.94014444325941e-03
-4.28266290497224e-03
-4.55324563865919e-03
-5.52550398698965e-03
-4.78005050460261e-03
-1.27690219676703e-03
2.47177542084509e-03
6.45436621083259e-04
-3.60772745648289e-04
1.07926223968053e-03
-6.41245047184329e-04
5.23755243111066e-03
-2.80696915340658e-03
4.68723480925455e-03
6.17271787849561e-03
9.87366062971888e-04
-6.89764866040771e-04
-2.04879510276821e-03
2.11403898679388e-03
-1.37094992611731e-03
-2.55726139221386e-03
-4.03775876144948e-03
-6.57131641380186e-04
8.66026559552674e-04
3.97775387801457e-03
4.63108682123517e-03
8.34334905270906e-03
2.01650707528351e-03
5.36333192518690e-03
-1.97845974687799e-03
2.29402536849848e-03
8.82971025988362e-03
-3.26660778065632e-03
4.45245669953923e-03
-2.48670168883069e-03
1.29924584451074e-03
2.60708655550162e-03
2.53639732767125e-03
6.56341005660246e-04
-5.67952311019425e-03
-2.40953138004057e-03
-5.06784123431456e-03
-2.85491581235501e-03
-4.59846933392212e-04
-3.24757435270889e-03
-5.01314854136580e-03
-1.09419481516944e-02
0.00000000000000e+00
0.00000000000000e+00
0.00000000000000e+00
0.00000000000000e+00
-2.33582929248233e-02
-3.38076950970556e-03
8.90481930724599e-03
5.64592617380800e-03
9.42336613581474e-03
-8.04871470164599e-03
-4.02289613313678e-03
1.04209245023544e-03
-6.23879849138378e-03
7.03961901178241e-03
5.59092921532279e-03
1.72237980202198e-02
1.60689780168362e-02
-3.91787870422958e-03
-1.56761220431766e-02
-1.02386308366271e-02
-1.49837955083136e-02
-8.43369793424034e-03
-2.80907531516157e-03
-1.86989125451463e-03
-1.03837374280628e-03
-5.78019692453745e-03
3.85587636969489e-03
2.99217106780182e-02
8.86053829979216e-03
1.01331150126841e-02
8.59623913565836e-04
-1.09409056529878e-02
-4.22423346459091e-03
8.85929042744688e-03
2.03512689939973e-02
8.29370658858916e-03
-1.41985471353128e-03
1.38362162437912e-02
1.88945128223006e-03
4.86759679642418e-04
1.16296926709497e-02
1.52232533900935e-02
1.70434886946253e-02
2.22512106680904e-02
1.13630532106831e-02
1.51141239648990e-02
3.78261846085955e-02
3.74001721934090e-02
1.29080180126620e-02
2.38542403494473e-02
3.48993962356546e-02
1.70275104383216e-02
7.32317646224826e-03
1.81613163227379e-02
1.65449630297468e-02
5.60437229449240e-03
-2.15571058286095e-03
9.39763567677370e-03
3.72123060816221e-03
-6.68315704975784e-04
-8.30535602955485e-03
3.84735643749619e-03
1.65134262182525e-03
-1.80061037426888e-02
-2.79551710198567e-02
-2.29851758839316e-02
-4.68948846734122e-03
6.06014493483027e-03
1.52296955271041e-02
-2.21038324986713e-03
-2.25841280135097e-02
-2.10042317857727e-02
-1.15027704215707e-02
-3.94392424220240e-03
-2.10912755341984e-03
5.50132753077360e-03
-1.15479074406078e-03
3.78940795341901e-03
-4.28925054493885e-03
-1.70913163711049e-03
-2.75653354694690e-04
3.42900171986386e-03
9.67287335497421e-04
-2.04129078373198e-03
-1.70827394365680e-02
-8.70988251979112e-03
-2.62789037543009e-03
1.94048297579453e-02
5.91515000225504e-03
-1.59374637728340e-03
-1.18229375323157e-02
-4.29375968038025e-03
0.00000000000000e+00
0.00000000000000e+00
0.00000000000000e+00
0.00000000000000e+00
-4.37389798555546e-03
3.17491225531206e-03
-7.28200274116422e-03
6.72800174830483e-03
1.08725395605924e-02
1.57088867977725e-02
1.37805476228104e-02
-9.80412042424096e-03
-6.17395000974743e-03
8.59552835137479e-03
1.00427784161827e-02
1.09245831007254e-02
8.61197091585046e-03
1.11966793172661e-02
2.25778649061586e-02
3.18853023276014e-02
2.63175004208951e-02
1.68843090410512e-02
-7.45375065976039e-03
5.13585972657453e-03
-4.26447647477571e-03
1.19936880247228e-02
2.18167384104341e-02
5.31801786358688e-03
-4.39804822079666e-03
-2.55336867214280e-03
-3.02289468946893e-03
-5.52224949860161e-03
-4.00228581383528e-03
-1.81335041871939e-02
-2.49044895686796e-02
-1.81071624307295e-02
-9.89691969464227e-03
-9.71320223770465e-03
-1.39588316469045e-02
-4.17940829539967e-03
8.33237911599218e-03
4.56409647434914e-03
-1.00548112267608e-02
-1.70704937060245e-02
-1.37163868475757e-02
1.40532073577541e-02
2.28209522823936e-02
2.04024127229035e-02
2.51677805237080e-02
3.20103511352201e-02
1.83499472196739e-02
3.33364449891658e-02
4.88068493901356e-02
3.82830921789512e-02
3.24460681315623e-02
3.35720664722870e-02
1.88477774030422e-02
2.73262027631309e-03
-1.29903923068147e-03
1.03922494459256e-02
3.11068274444389e-02
4.97048637445717e-02
2.56905056912988e-02
1.54547890215996e-02
1.39670052580682e-02
-1.14076374158428e-02
8.12029107116153e-03
2.48937193708307e-02
2.52624396927693e-02
2.06617526080028e-02
3.74757849561947e-02
3.51743200651295e-02
2.55689431619311e-02
2.20186739321524e-03
-4.61108259322286e-03
4.28987807519012e-03
1.64666598469245e-02
2.56569357313344e-02
2.12900448236949e-02
9.78908761776265e-03
-1.28166804796744e-02
-9.74619520945374e-03
6.91475116803486e-03
7.30573689951013e-04
1.04547068826065e-02
5.03081394561624e-03
9.29727409028015e-03
-3.86526703067129e-03
-6.94123505084464e-03
-1.56007961305928e-02
-1.34668625249181e-02
-3.06286961966436e-04
0.00000000000000e+00
0.00000000000000e+00
0.00000000000000e+00
0.00000000000000e+00
3.74636680679419e-04
-6.15567395588523e-03
-1.73656981386847e-03
4.29468903663529e-03
-1.48669900341576e-03
-1.99783345423204e-02
-6.57169108272810e-03
-5.61121865315144e-03
-9.84347650521749e-03
7.15971509351455e-03
6.67342129970650e-03
-1.90504286001558e-02
-1.14197259771509e-02
2.09601651023044e-03
1.73631991757908e-03
-1.18966547095642e-02
-1.54085347617911e-02
-9.90146306065352e-03
1.14125458849015e-02
-5.28525134569748e-03
-1.50992097052067e-02
-5.39259649757502e-03
-1.30320089928651e-02
-2.58508923976056e-02
-1.54538804126229e-02
-4.00595320660101e-05
7.54973714500071e-04
2.78672617749375e-03
-9.71283213502092e-03
-1.01561939327253e-02
-1.54422942579854e-02
6.42146207352237e-03
3.85412924123818e-03
7.22682573047531e-04
-8.22107482298926e-03
-4.14362009340877e-03
2.11987551740917e-02
2.55675976201064e-02
1.30683312592354e-02
-1.00513752766857e-02
-1.56958259170575e-02
1.93100781577203e-02
3.36758770096904e-02
5.62277358025276e-03
-2.88603770619258e-02
-1.16644390211498e-02
8.95281493238264e-03
1.37142852347601e-02
-9.02376815752733e-03
-3.58615380524211e-02
-2.18012292154364e-02
1.55315562535030e-02
2.66980691142072e-02
1.01759402117021e-02
5.57968424164068e-03
-3.84099333619350e-03
1.64556062892598e-02
5.58514567878596e-02
1.70642969002748e-02
-1.61899618201550e-02
-8.80028675514426e-03
1.39686141795234e-02
1.43381337332059e-02
1.99616964379387e-02
2.51487706819401e-02
-1.05191788807473e-02
-2.11355582980073e-03
1.89169034213814e-02
2.55512376726303e-02
4.18445676615986e-03
3.64113497229489e-03
-1.26056503334495e-03
-2.47556378437275e-03
9.17730963262479e-03
-1.72799077230550e-03
1.29149244089294e-03
-2.51743226388884e-03
4.11390390722045e-03
-6.48206686176773e-04
-2.73677475754614e-03
-1.27728617583071e-02
-1.30432985044351e-02
-9.77716202021556e-03
-1.16291580361842e-02
-1.55273157725471e-02
-9.36481869796412e-03
-1.99384071429920e-02
-6.85378942727347e-03
0.00000000000000e+00
0.00000000000000e+00
0.00000000000000e+00
0.00000000000000e+00
-1.74926933896282e-02
-2.15754233649750e-03
9.65787815726562e-03
-7.27112031646390e-03
5.18365287968591e-04
4.81266192132940e-03
-1.33477100528006e-02
4.52169219509994e-03
1.84781876961384e-02
-2.80249240664404e-03
1.08483059000037e-02
1.16202958931826e-02
-1.15719570301458e-02
-1.04777532012532e-02
1.35709179661564e-02
1.64915253634549e-02
-5.81079919649548e-03
-1.03323420759821e-02
-6.11060518300395e-04
-5.61171086306980e-03
-8.59781571017247e-03
3.42527786593967e-03
-7.22371935440293e-03
-5.01147661670293e-03
1.36550828858188e-03
-6.16699762477001e-03
-9.45200890535849e-03
-6.79484864746219e-03
7.04225349744035e-04
-6.57978737793675e-03
-1.82698260537732e-02
-2.12563811303759e-02
4.52138758889693e-04
1.07669728237442e-02
1.62548999828609e-02
1.42049672689682e-02
7.63756048891338e-03
9.87811284001817e-03
1.15961235307251e-02
2.26152335569599e-02
9.52759452395517e-03
-8.24021388208095e-03
1.26890241948688e-02
3.22601321287932e-02
-5.00338695704404e-03
-3.81414093247165e-02
-3.42293128045678e-02
1.71287053235923e-02
3.18452369685024e-02
8.33008141922645e-03
-2.35157058456852e-02
-1.62915661843795e-02
-3.76198146005485e-03
3.90508456280523e-03
7.88345890874436e-03
-6.71718317431041e-03
-2.29608151954655e-02
-5.52496603486279e-03
6.76163819052475e-03
1.40242013241091e-03
-2.22221231354946e-02
5.70973858815041e-03
-2.59188222923735e-03
1.42828358444012e-02
2.61607140222147e-02
-1.60915707221646e-05
-2.97544719780973e-02
-2.55795634691804e-02
1.36049984510192e-02
-1.91707312100397e-03
3.44807753134270e-03
1.38613083303789e-02
-1.02932213405169e-02
-6.67517830526007e-03
1.14944197162900e-02
1.51117640792627e-02
6.27283327548772e-03
5.15134021953831e-03
-1.00720958864089e-02
4.68738258209944e-03
7.88947198544224e-03
-5.94434089959826e-03
-1.19319745113603e-02
2.52809722931256e-03
-3.79912255540692e-03
-2.81790856935591e-03
-1.01965546400690e-02
-7.39363409486493e-03
0.00000000000000e+00
0.00000000000000e+00
0.00000000000000e+00
0.00000000000000e+00
-1.01917099127237e-02
-7.63791546789992e-03
-2.34094163384924e-03
-8.71771002842132e-03
1.21000706058366e-02
1.35179696792083e-02
5.37122930646189e-04
-5.11224558155678e-03
1.81847700569506e-02
1.68340482680871e-02
1.12895836243653e-02
-4.80047031614019e-03
-1.00003458057992e-02
4.30626384280079e-03
-1.04773875190313e-03
1.42281824611638e-03
1.92964738135946e-03
-4.15013336081534e-03
-7.71774293167763e-03
3.77481726151666e-03
3.70555075451495e-03
4.94431675287468e-03
-8.58808046790735e-03
1.65456971218334e-02
3.71754238051644e-03
-9.92507693436881e-03
-1.16474545438567e-02
-6.33919523776385e-03
-5.36137261509078e-03
-3.22272280163607e-03
-1.63735367989124e-03
7.73361479929382e-03
-7.23970075977971e-04
-3.59971897981820e-03
1.64317745022609e-02
-3.40632189979178e-03
-1.42860344576427e-02
8.89710094414038e-03
3.49434119259642e-03
9.01645889780581e-03
2.51026735810712e-03
-4.60100100808771e-04
1.14129918159823e-02
5.55759700139651e-03
-2.96289395455371e-05
-1.06836185855854e-02
7.16937665811031e-03
6.19373881542517e-03
-2.70639488947989e-03
1.23602448656863e-02
4.41880665824177e-03
4.60141171972692e-03
-1.44182295287190e-03
8.97818731148174e-03
2.05648521540134e-03
-5.65096432529450e-03
1.04873835239724e-02
-2.10566956682519e-02
1.87714093958158e-03
1.00010155505456e-02
1.15417012770126e-02
-9.45666009502604e-04
-2.40284672562619e-02
7.72669122633102e-03
3.47874228149123e-04
-6.04754641678832e-03
2.31338395355460e-03
-2.74131795855659e-03
6.70338065222111e-04
-4.50363963214437e-04
4.05751522156095e-03
1.59327722480346e-02
5.78494305958935e-03
-5.05264468818938e-03
-3.47649810742678e-03
-5.12849444890411e-03
9.91126063243743e-03
2.46492005347510e-03
-1.31605012555522e-02
-4.70621573237803e-03
7.42524038191163e-03
1.04844716517879e-02
-5.24500548474077e-03
7.78956610832421e-03
1.31668032340315e-03
1.30188159118884e-02
-3.64150871021950e-04
-5.35227833321914e-03
0.00000000000000e+00
0.00000000000000e+00
0.00000000000000e+00
0.00000000000000e+00
2.67014888123607e-03
-5.81577262291340e-03
-4.80699104779319e-03
-3.01930234220445e-03
-6.75716721239168e-03
2.63908102132910e-03
-1.52550446554143e-03
-1.28703118793664e-02
-1.14667070415176e-02
6.68993186966319e-03
-1.87206108771124e-03
4.78021234932576e-03
-4.19884394228320e-03
6.78625573232289e-03
2.87249718954101e-03
-1.27267254092965e-03
-7.12798085188841e-04
3.28908200269908e-03
4.85588784936063e-04
1.36283794812999e-03
-1.26374634214557e-03
-4.64390167231697e-03
-1.83025567506897e-02
4.46392041032785e-04
1.88772809928801e-02
4.23305570085220e-03
6.41776726936244e-03
-1.55998762878760e-02
3.18002683433764e-03
3.50911284507902e-03
-1.52415616061388e-02
1.35162276797891e-02
1.28002206299809e-03
-2.38067375558161e-03
1.48069370964194e-03
1.67777493702336e-02
4.77579820373842e-03
-4.49071866194220e-03
1.52073788421476e-03
-6.51842332600413e-03
-1.89802817562966e-04
-3.33269050019845e-03
-5.30847901405983e-03
9.69296624590320e-03
9.59091775672803e-03
-8.48813617273506e-03
-7.53407177448891e-03
5.19971753337206e-03
9.90346517777284e-03
-1.16700380811038e-02
-3.47768302431934e-03
3.98485305597945e-03
2.53164806254339e-03
1.81318227108684e-03
5.66406646212582e-03
4.82960009616349e-04
-3.58958055832434e-03
9.68878636311175e-04
-2.36560845449024e-02
-1.44446133889848e-02
1.27787215716563e-02
1.35448450784395e-02
5.65128263792674e-03
-9.08623273394795e-03
2.01195117320541e-02
1.62962137458622e-03
-7.42451438461220e-03
1.45576797083743e-02
-1.37542097461980e-02
-5.51122869256665e-03
-1.88997405492340e-02
-4.27681530658939e-03
7.67105775695321e-03
3.92841721692954e-03
3.52041915527070e-03
-2.06533778340600e-03
-5.31947451978137e-03
4.74169475092587e-03
8.90106924177073e-03
-1.15061240251518e-03
-7.29787510256913e-03
-4.43277932976357e-04
-9.49956187410056e-03
-2.62093601682530e-03
5.58483251594377e-03
-6.40987417574175e-03
1.75162788010063e-02
1.38875013314229e-03
0.00000000000000e+00
0.00000000000000e+00
0.00000000000000e+00
0.00000000000000e+00
-7.10501871052029e-03
5.99362465512703e-03
-5.11754593292407e-03
5.67180581683972e-03
8.69460797614727e-04
-6.16765339211487e-04
-1.46951127553286e-03
-8.03681179701608e-03
-1.15427973316176e-03
-1.41820347519229e-03
1.17394884595626e-02
-1.21808891360977e-02
-9.81369571675971e-04
-7.09806271640123e-03
1.66466987305464e-03
8.01328187488816e-03
-7.70566904950169e-04
-1.74560418172112e-03
-5.44509978186896e-03
4.10479025227496e-03
-4.42573736235361e-03
7.26601314806965e-03
-2.14472280076487e-03
-8.42410387210601e-03
-7.39772384063532e-03
-2.52814122988816e-03
-1.53605463949078e-03
-1.58473056059558e-04
2.47342210973463e-04
3.40098227430769e-03
-9.43507393949948e-03
2.22000197772592e-03
2.77276901924240e-03
-2.38878899942451e-03
5.41565643398176e-03
2.60094321971931e-03
6.90374659295703e-03
-1.99468648798585e-03
5.48269875638034e-03
5.39959601184870e-03
-6.66308505904426e-04
7.21981434890330e-03
-5.45605619183649e-03
3.41713239706371e-03
4.32158868939638e-03
-4.00863421715947e-03
4.78443923381171e-03
-2.46487387630767e-03
5.19574024492641e-03
-3.76951327961474e-03
-3.35077372402797e-03
2.42420915082439e-04
-2.05227234786441e-03
2.04357240696232e-03
2.57129779290886e-03
-4.64636978331594e-03
7.03938341999048e-03
-7.05733518333847e-03
-2.44503418859222e-03
-1.18424905651201e-03
-4.04419365530979e-03
9.16070021898699e-04
1.03454239223376e-02
-7.35971195944677e-03
-1.51418394225841e-03
-1.47164119855359e-02
8.61117407653760e-03
4.93288932629873e-03
-4.47846488959305e-03
-1.12858138893256e-02
-4.71809784219177e-03
-1.22108508866120e-02
1.32740449758273e-02
-3.51408800720636e-03
1.31528411413656e-04
-1.42115435383785e-02
4.75391665006684e-03
-2.28309493968020e-03
-1.56666025106845e-03
-2.30563143331899e-03
-5.24875795690985e-03
6.06972177996116e-03
5.13535050770578e-03
-2.38628082034107e-03
1.60365485188415e-03
-1.29348349053346e-02
6.36006713814122e-03
-1.23057380711169e-03
0.00000000000000e+00
0.00000000000000e+00
0.00000000000000e+00
0.00000000000000e+00
7.94195898684709e-03
2.16869415961240e-03
-1.50821123500044e-03
5.55685390164090e-03
-7.79871563365079e-03
6.25705323176514e-03
-7.35015964060291e-03
-1.68411815796504e-03
-7.93813595965616e-03
-3.34313075255849e-03
5.09602850372832e-04
5.77437825447447e-03
-4.72122709713520e-03
-5.51471884188190e-03
-1.02066087375861e-02
-1.40374787134581e-03
-5.19798208803661e-03
9.04750684929005e-03
-1.46674225069708e-03
-6.67158692059200e-03
1.99149487642966e-03
-4.59568070149821e-03
1.68209865678147e-04
-3.29674413521926e-03
1.35353271119870e-03
2.47713752670972e-03
-1.38050822783795e-03
-3.55125248796180e-03
7.28277204005418e-03
1.08010807370730e-03
-4.75393646574381e-03
-3.09449303289736e-03
-2.83812207026144e-03
-2.57412836874681e-03
-5.08115324977739e-03
7.64518519305647e-03
-1.03691104114669e-03
1.43906687786291e-03
-5.61076036508444e-03
-4.96361186861369e-03
-1.37586510871662e-03
-1.18876220392085e-02
1.23463186019520e-02
-6.94790350670801e-03
6.35609107337514e-03
4.67165095383663e-03
-6.15786037710958e-03
9.65702184625507e-03
1.09587380328850e-03
1.28581993364970e-02
1.62253726551631e-03
-3.42259274735989e-03
-5.00513811224373e-03
-1.27376887995107e-03
-4.44523540444058e-03
7.99141095376711e-03
-1.36999618517339e-03
7.27070125770170e-03
-5.94351220390601e-03
1.18891410307629e-02
-1.07493485867390e-02
5.63876879925203e-03
9.36580498689760e-04
-2.43982062514299e-03
1.21359070772385e-03
-2.51211111121479e-03
-1.04234021223999e-02
1.36936744162541e-02
-3.83207845655605e-03
1.47968784457877e-02
-7.56021750643398e-03
-2.58297578937782e-03
2.03359155129855e-03
1.23259596513207e-03
5.42367148513291e-03
1.52932851172216e-03
5.72826396434655e-03
-1.01807000719135e-02
8.93200702284504e-03
-4.51681937246816e-03
1.72781802402717e-04
-1.12541427787858e-02
7.02575756327541e-03
-2.66812286598177e-03
2.11448637235506e-03
-4.21704866899916e-03
-1.75068896095578e-03
2.93299762221626e-03
0.00000000000000e+00
0.00000000000000e+00
0.00000000000000e+00
0.00000000000000e+00
1.09885945384895e-03
-1.02343067435401e-02
3.90756529033599e-03
1.02836449125945e-03
2.20439551100670e-03
-6.84689395548287e-03
4.08464071036973e-03
1.23247033735261e-03
3.48521061115926e-03
4.05471593005969e-03
3.31045853064617e-03
7.51389727103545e-03
9.31071274882506e-03
4.59163303871279e-03
6.10305674472950e-03
4.71871642856861e-03
9.98515118543163e-03
6.87022975466350e-03
6.75922392190264e-03
9.08566486041315e-03
5.42004206093956e-03
-2.72925305900255e-03
-6.76389752809655e-03
4.04175683637098e-03
-1.14412738176309e-04
-1.28085196900918e-03
-7.44865063779911e-04
-7.55989506811563e-03
-4.20703752196381e-03
-4.04883085889135e-03
-3.06327558980753e-03
-7.61022817840479e-03
-1.58516032884348e-04
3.07671921879323e-03
7.76535890831432e-03
-1.97718506121709e-03
1.16288316607696e-03
3.05099230643759e-03
1.40841442156729e-03
-8.09972150005990e-03
-4.92123424531031e-03
-9.81763917774080e-05
1.20927110932835e-03
-3.92297261170138e-03
-1.69281665015819e-03
3.70089923836723e-03
5.31224512418789e-03
-2.06857132069467e-03
-1.91635182222259e-03
-3.74244989806655e-03
4.42715031351915e-03
1.83080112646634e-03
-5.42361750958362e-03
4.69082830369653e-03
3.68115344849231e-03
3.16402640176550e-03
4.06613741883509e-03
6.30002325585863e-03
-2.98244387817562e-03
-4.99519023565601e-04
-1.94939820871491e-03
3.87661564941735e-03
-2.14157580658181e-03
8.11574385739599e-03
1.88298524942899e-03
1.47889169247379e-03
3.13700187923026e-03
1.78066394643684e-03
3.74580192583245e-04
1.56099361888450e-02
9.73402229929778e-04
-7.17524801348673e-03
-4.46645153778529e-03
5.28489963340072e-03
-4.67087977594955e-03
2.84912599180582e-03
-2.48239798936812e-04
1.73538839459881e-04
2.40653950172942e-03
-6.43135220797128e-03
6.40210164749196e-03
1.57757035043481e-03
-8.10317596900118e-03
6.53758536208106e-04
-4.57953118780367e-03
5.12938536615758e-03
7.48503701231996e-03
-6.24191326012558e-03
0.00000000000000e+00
0.00000000000000e+00
0.00000000000000e+00
0.00000000000000e+00
2.14598268772306e-03
3.63442022033362e-03
2.55577407754700e-05
6.81884701919087e-03
8.40423000448302e-03
3.98324396934266e-03
-3.58669324564802e-04
5.35759423313255e-03
4.19486712180489e-03
-9.71483477129707e-04
-9.56930014948008e-03
-3.09702653310546e-03
-4.49795129589587e-03
-4.70555250922733e-03
-9.78921817431548e-03
-2.85821319576703e-03
-2.80675412318917e-03
3.38754747225396e-03
-2.87760658137772e-03
-8.89753778987548e-03
-1.12441018937286e-03
-1.26392255666831e-03
-8.29921201824224e-03
-6.79995186836339e-04
-6.30706301650972e-03
1.13552378912750e-03
3.39276850694983e-03
-2.58986800318479e-03
2.44887570527124e-04
-1.99823276958690e-03
2.23149909084437e-03
1.09461803799655e-02
1.13392564768190e-03
7.89535029400622e-03
-5.52800964653614e-04
3.92060317614793e-03
5.16879321841731e-03
1.17479124584141e-03
1.26381503775485e-03
2.62483553684284e-03
2.03599778024386e-03
7.00663396541281e-03
4.56857841251235e-03
7.19823580238592e-03
2.97653208987214e-03
-1.57000381432109e-03
-4.37488421036503e-03
4.37275938521231e-03
6.26503144018762e-03
2.34464130061576e-03
5.45128336395554e-04
2.36530820908993e-04
1.24168907421741e-03
4.21147160981803e-03
-6.86675914945626e-03
1.14159844797070e-03
1.05313483974269e-02
-5.66278345673820e-03
2.59165991321953e-03
-2.66769177992986e-03
-2.82980830949963e-03
1.13174788475194e-02
-3.75509911043137e-03
-5.56913840941929e-03
-5.67046400400027e-03
-3.15758368551598e-03
7.49888590202630e-03
-2.40241825547425e-03
4.12581715322458e-03
-2.55197239509837e-04
-2.63779680352594e-03
-1.91635893052497e-02
-2.72089040206611e-03
4.21524930397488e-03
5.80332583070146e-04
1.93739613054381e-04
5.52209238519001e-03
6.85941539651590e-04
8.98809593856760e-03
-2.27315398428964e-03
4.25695324680118e-03
1.10443591706126e-03
1.24121707747993e-02
7.20343248708290e-03
-6.57724027610527e-04
2.07198099632959e-03
1.00291150853553e-02
-1.84063322107430e-03
0.00000000000000e+00
0.00000000000000e+00
0.00000000000000e+00
0.00000000000000e+00
8.96564828661480e-03
1.15149516687147e-02
1.35566871135463e-02
-1.21515152331768e-04
1.72635828410662e-03
7.66854388594524e-03
-5.11698470106842e-04
-2.38729055732992e-03
-4.79677781431353e-03
2.35206458061663e-03
-1.43917093191270e-03
5.61685434554516e-03
-4.28115374186079e-03
-5.98775161369926e-03
-1.16176340126608e-03
-3.91130301394446e-03
-3.57826978213117e-03
-3.18484305103670e-03
3.94752490630479e-03
4.37585872646844e-03
8.41780454807122e-03
-5.07068119399940e-03
-4.53166699361697e-04
-2.77369420023405e-03
3.97223434690670e-05
5.41825062670816e-03
-1.43209518665069e-03
-2.23341218654140e-03
1.40644505661590e-03
3.97739180471688e-03
-5.36552516164611e-03
-1.31716828090507e-03
1.47104806417912e-04
-6.68886590661699e-05
-2.83296910602692e-03
5.14713389004438e-03
2.27498248500039e-05
-6.39829671872373e-03
7.59380070147099e-03
3.34649544381483e-03
4.60052820448229e-03
7.10071944983152e-03
7.47710572284884e-03
8.17361788929297e-04
-3.47060814193016e-03
7.96568257460960e-04
6.06027529344633e-03
2.26594865211338e-03
-5.89985463333690e-03
5.91492658760660e-03
-5.80462710309272e-03
-5.48274784045865e-03
-2.19492082420477e-03
8.76434077675771e-04
-4.77998132872466e-03
-2.74094296651242e-04
-5.15906998320222e-03
6.64465281443636e-03
3.52381720319762e-03
-7.11089220099908e-04
-5.63580863992635e-03
6.22431360538209e-03
2.32982666718710e-03
4.11474408113816e-03
-5.04095915644013e-03
-2.70299038067486e-03
3.66139591711035e-03
3.70343242435262e-03
6.85497019375948e-03
-7.66191510064109e-04
-1.41332814484724e-03
-8.20925021214864e-03
-7.29188401750050e-03
6.41298999514356e-04
4.12551619505215e-03
7.07152424999790e-05
2.19600711078603e-03
-8.60924888180854e-05
3.22289827044162e-03
-2.02612992711448e-03
-2.60044754788558e-03
-1.03949355037641e-02
-1.23748692683386e-02
7.02743589525591e-04
-4.98512305748392e-03
-5.13592333250182e-03
-1.68274452455648e-03
-1.00899902100023e-02
0.00000000000000e+00
0.00000000000000e+00
0.00000000000000e+00
0.00000000000000e+00
-8.74431234813582e-04
3.68634322108700e-03
-5.62661643940505e-03
-5.04254012121548e-03
-6.27926061088105e-03
-2.77359781284385e-03
4.77277676062605e-03
-8.31144208889811e-03
5.84638818006905e-03
-6.51191314613793e-03
5.73974486286132e-03
1.69024564014826e-03
-7.54985254806375e-03
-3.76807112509043e-03
4.18372275498567e-03
5.97877056259614e-03
-5.86674759852210e-03
2.29950187596779e-03
-2.47011664830975e-03
7.50781401288641e-03
7.51539616566948e-04
3.12147348729969e-03
-7.48147262145241e-04
2.98259109580350e-03
-6.64004869734804e-03
6.13152053267193e-03
1.84512331866241e-03
-2.81281702439311e-03
-4.60584825584316e-03
-3.73148692036178e-03
7.20022524765966e-03
-3.01204009832308e-03
-2.82539350694456e-03
-5.32653764718867e-04
1.21675911156928e-03
-3.55001547638734e-03
2.32218742708816e-03
-4.03859536414658e-03
-2.98893588156484e-04
2.37071644572269e-03
5.99069291551493e-03
4.27770054288688e-03
-4.99617431864742e-03
-5.78982161280549e-03
-1.55161701330205e-03
-6.94956004129834e-03
-1.48118703559740e-04
-5.59130509612892e-04
-2.94860545517566e-03
-5.32864171645675e-04
-1.28908610955985e-03
-4.79323808552331e-03
6.25622469054970e-03
-5.31230233741944e-03
4.19066445706064e-03
4.59837079590873e-03
-3.40711282341895e-03
-2.83101847687094e-03
-4.77447891133851e-03
1.60240364882430e-03
-7.92789524515250e-03
-1.46454164876414e-03
-1.04021392826938e-02
-4.81780452410767e-03
-3.66242409055718e-03
-7.18199470345728e-03
1.38555079378624e-04
3.91373768989278e-03
-4.22953695888295e-03
-5.20672994716956e-03
-1.19144699210177e-02
-1.09921774007166e-02
-2.15838329609253e-04
-9.35734157401343e-03
-3.16001327166032e-03
-8.34947043403495e-03
-1.73073927277324e-03
-4.17817920086515e-03
2.05782164818530e-03
-3.35464877429185e-03
-7.99758276097166e-03
-2.88227968719259e-03
-6.04514572733504e-03
-1.49082853486710e-03
2.16253575646348e-03
-2.28779785629308e-03
-1.49680143193515e-03
-9.00760750013355e-03
0.00000000000000e+00
0.00000000000000e+00
0.00000000000000e+00
0.00000000000000e+00
1.78171702745747e-02
7.90596252450502e-03
-9.24679861719074e-03
-2.18667168139442e-02
-7.30662185306183e-03
-7.66925132434588e-03
-4.35680411844032e-03
-1.26667042309362e-02
-1.02986381036517e-02
-5.05336237115780e-03
-6.46559171056249e-03
-4.29956738947417e-04
-2.51368946520758e-03
-1.50134442094248e-02
-1.41707840239289e-02
-1.43281858042231e-02
-1.34015536795838e-02
-3.97026447818732e-03
4.85581953581585e-03
-5.52900189264770e-04
6.43526397530625e-03
8.08090274380156e-03
2.34287249565458e-02
1.52471540870888e-02
-1.23745108927685e-02
-6.72541978187180e-03
6.71793288172945e-03
1.51779976429597e-02
3.94911434984938e-03
-9.48308156872944e-03
-2.08484186650056e-02
-7.70364693394065e-03
1.34158540655017e-02
2.87532849046885e-02
2.79185274757906e-03
-1.53672060471247e-02
-1.66532325624017e-02
3.62540633013103e-03
5.88251969903095e-03
-6.07649168301588e-04
-3.56209413978060e-03
1.03657102469129e-02
3.10163345084407e-02
1.40159946039437e-02
-1.21754852146559e-03
2.74242259176249e-02
4.04686531080905e-02
2.14786163830326e-02
-3.49284280301921e-04
-5.24245079794853e-03
-1.30815145137592e-02
-1.38146380976606e-02
-1.04625502035541e-02
6.43092694444101e-03
2.48414931638908e-02
1.84102927455683e-02
-2.51463276118538e-03
1.39353338380597e-02
2.42303142357534e-02
2.85787352176325e-02
4.90076706799748e-03
-1.30570874106962e-02
-6.63939939398900e-03
-5.91433125306098e-03
6.35854357995169e-03
1.25282687126974e-02
-2.45570312005804e-03
-3.65391685655358e-03
-1.33334646610899e-02
-1.26235443558613e-02
-2.26677553326926e-03
3.09890406282451e-03
-1.62084418648398e-02
-1.72874981334269e-02
-1.30575641535334e-02
2.42796253932448e-03
-2.56582893625750e-03
-3.91789639234628e-03
-2.11112913844588e-02
-1.38736013620335e-02
-1.21310186337657e-02
-1.30517719962977e-03
-7.66762355403382e-03
-1.37703490820181e-02
-1.73749383598873e-02
-4.06365864181099e-04
1.46047864340219e-02
-7.45294321869730e-04
0.00000000000000e+00
0.00000000000000e+00
0.00000000000000e+00
0.00000000000000e+00
3.87808215270071e-03
-2.24089366888634e-03
1.74670636452639e-04
2.54622215495107e-02
2.10649101080221e-02
3.63062104642209e-03
-1.30320569981298e-02
-1.54201504851224e-02
1.09921549423042e-03
1.67995302594421e-02
6.36805674432420e-03
-8.00966071124717e-03
-1.14054738493890e-02
-5.85627649061765e-03
8.94669639670946e-03
1.33144055793026e-02
7.13892466370670e-03
-1.99967672436721e-03
-2.16261294005554e-02
-1.07115373213015e-02
-8.14277733535841e-03
7.29128786973095e-03
-9.31821953391838e-03
-2.16955796449824e-02
7.22923081664192e-03
1.87831256711650e-02
2.66706254179838e-02
-6.63665218117556e-03
-2.37672371873936e-02
-1.88067399773365e-02
6.09902859629694e-03
3.28559632141642e-02
1.52517991621031e-02
-8.00834821954986e-03
-2.90912142111869e-02
-2.60737494241509e-03
3.08466131010346e-02
3.05034794846324e-02
-2.87965571772379e-03
-1.99223712746796e-02
-2.12114022367520e-02
1.54499767400050e-03
-6.14535958891422e-03
-1.97581850392034e-02
9.97082439559482e-04
2.26187402221752e-02
2.07092102303754e-02
3.24170188545924e-02
2.96473063832078e-02
-7.58832969672584e-03
-2.63313587718564e-02
-7.35039355951877e-03
9.66195139736564e-03
1.87477362767478e-02
3.56098062475335e-03
-2.03385777196541e-02
-8.89727402618870e-03
1.81192074080747e-02
2.25989947280674e-02
1.16465782622753e-02
1.27895773245094e-02
1.33814422719723e-02
2.36703672732452e-02
5.97324536608896e-03
-1.09528039142803e-02
-8.09602710945760e-03
2.06144855898278e-02
3.05685551261897e-02
3.09633101466929e-02
3.31076065668824e-02
3.19136104686971e-02
1.17444731486497e-02
-5.93213136785670e-03
1.56930777063082e-02
3.15994164823969e-02
3.28479954211807e-02
3.58566632165776e-03
-1.61965793419073e-02
-1.22762627579850e-02
4.50064702275347e-03
1.14940628353202e-02
-2.03195839474386e-03
-1.80453292265746e-02
-3.12649483773099e-02
-1.08252569940149e-02
7.20026718513221e-03
1.17746876942958e-02
-4.47772997409817e-03
0.00000000000000e+00
0.00000000000000e+00
0.00000000000000e+00
0.00000000000000e+00
-1.33122689238499e-02
-8.29960785895894e-03
1.32048326072447e-02
1.25681398756911e-02
-1.36676654022555e-02
-1.29265985831658e-02
1.35857503482889e-02
9.93345988311339e-03
-1.77774328419061e-03
1.90204767992997e-03
4.32774953529119e-03
5.61977756426025e-04
7.75637236567073e-03
-1.18677932197664e-03
-2.57139408431255e-03
-1.71807062611267e-02
-7.33919117074550e-03
-1.08526360002128e-04
-3.72946802823697e-03
-2.08193645578358e-02
-1.10071592582340e-02
6.35047707414425e-03
5.90157889792014e-03
5.41352820337760e-06
8.06897135270544e-03
6.09762119939382e-03
-1.98224554668446e-03
1.46889601205828e-02
2.27991996441209e-03
4.05989024938800e-04
9.05923753102131e-04
6.96206350365386e-03
-5.47569851226605e-03
-1.02225641997397e-02
-1.07976221620427e-02
1.11042068216364e-04
1.45184619419347e-02
1.22236820424274e-02
9.64160927989217e-03
1.07261469560622e-02
-1.04634065828651e-02
1.27635932749275e-02
3.35468749964459e-02
3.04903968872538e-02
-7.45764854136945e-03
-1.75381135558967e-02
6.34540478950974e-03
1.85801683477077e-02
-4.57573111094173e-03
7.22631444455856e-03
1.97418104557252e-02
8.00305318195547e-03
1.27320327580043e-02
3.98341742559658e-03
7.91869348779918e-03
3.49064107559860e-03
6.95740382540868e-03
3.21875791181510e-02
3.09589431833716e-02
1.72943003410611e-02
-6.38416880810171e-03
8.92147614777860e-03
2.44346242581167e-02
1.01541295789759e-02
1.85344467402156e-02
1.26325943768656e-02
-4.83070868599153e-03
8.35315386077056e-03
3.01271835995257e-02
1.90469316838783e-03
-1.70085728439641e-02
-7.38921676423645e-03
1.02106259922174e-02
1.81673367086465e-02
6.42158732137814e-03
8.57653418191490e-04
-1.19840175173387e-02
1.12057230253454e-02
1.13259870341143e-02
7.73016069717048e-03
-3.79024644233046e-03
-4.81762030664733e-03
1.65760593964513e-02
2.40306190493712e-02
-5.65961146436568e-04
5.14321850800792e-03
-2.33960504812357e-04
6.07749655267504e-03
0.00000000000000e+00
0.00000000000000e+00
0.00000000000000e+00
0.00000000000000e+00
2.41729972089081e-02
1.65245824191989e-02
2.37984509173130e-02
2.46782583105090e-02
1.32166297095524e-02
8.27032735389446e-03
8.26996970536112e-03
1.70061250173046e-02
2.24332606505671e-02
8.39866804267753e-03
7.54659670202812e-03
4.92018457471222e-03
2.63682941886363e-04
5.23426130203831e-03
7.02864947422515e-03
4.69812967191918e-04
-7.30605299746176e-03
2.62331541336885e-03
6.45994909916648e-03
-3.76725980834412e-03
-1.26175895090026e-02
1.17489226494929e-02
3.08625491914078e-02
2.60340053293857e-02
1.49045200758911e-02
2.09491227286612e-02
2.71817098392759e-02
2.57401224499910e-02
2.19683379924584e-02
1.11824612428754e-02
3.12248895418528e-02
3.64009847670347e-02
3.27865051195666e-02
3.14604960148177e-02
4.06350607577255e-02
3.33858965362265e-02
4.59035983076064e-02
3.31899623131370e-02
8.95495456106628e-03
1.70349632221072e-02
1.93348340849943e-02
-9.10103677578849e-03
-1.38586404533226e-02
-4.56427922361527e-03
-1.65257675299193e-02
-3.72619975320012e-02
-3.91784421908945e-02
1.14126887083024e-02
1.78000851822040e-02
-7.65152620757316e-04
1.07693482560411e-02
2.23402411859713e-02
9.74101202456337e-03
2.39240793350246e-02
3.70931179432067e-02
2.98075902148109e-02
9.30137170407105e-03
-7.81720638224758e-03
8.26162943028604e-03
2.48907177832455e-02
1.00296478125940e-03
-1.22420638816810e-02
-1.07882743622607e-02
8.61313839309932e-03
-1.24343234138103e-03
-6.79342908885102e-04
-1.30062399411058e-02
-2.41260209360494e-02
1.96376381123650e-02
3.09024505813019e-02
3.14858999563964e-02
2.18564000846866e-02
9.18778978323931e-03
1.80290481462264e-02
3.24844647821733e-02
3.65865920068955e-02
1.47692717204801e-02
1.67251747626518e-02
1.97663435285240e-02
2.05199389388008e-02
7.27928199549682e-03
-7.38128307427663e-03
2.85790897244535e-03
2.98709433139192e-02
1.88147625541616e-02
1.82233385762515e-02
1.93641584045494e-02
1.29659239015282e-03
0.00000000000000e+00
0.00000000000000e+00
0.00000000000000e+00
0.00000000000000e+00
8.66781784526925e-03
6.72174134745641e-03
-8.05618138732411e-03
3.67456316231658e-03
2.66212599681462e-03
9.89398780513266e-03
1.15300185901569e-02
-1.40979838661241e-02
1.49546096321504e-02
9.56200025217076e-03
-4.40764064863806e-04
-1.97189099423262e-03
-3.23499559549097e-03
5.29021082903728e-03
7.03162293323158e-03
8.25636892055676e-03
6.14803666226388e-03
4.37062998770429e-03
2.58218525558170e-03
7.47745421237153e-03
1.84212980553316e-03
7.32765277392492e-03
-1.21223911527286e-02
-9.87389766244216e-03
5.31244999491951e-03
-1.15223848709231e-02
1.22961454711999e-02
1.61213076181420e-02
-1.19465073048906e-02
2.02094310774320e-03
-2.00046700032645e-02
-4.47477253912892e-03
1.38164738794584e-02
-1.44301477817367e-02
2.92028547098460e-02
-5.68108163245045e-03
-2.29490460516189e-02
1.88800596396148e-02
-5.81788818131316e-03
6.39044280431929e-04
-1.48486687923112e-03
-4.66557736730158e-03
-1.35413550043159e-03
1.75007269969284e-02
3.36707555877303e-04
-1.39713718860216e-02
6.26538205646455e-03
3.78874360607128e-03
-1.34226253582077e-03
-6.70091755442476e-03
1.42180404079885e-02
5.10126388552439e-04
6.44067666388460e-03
6.38767725541140e-03
-1.68370829099098e-02
1.29369608662923e-02
8.08248616269179e-03
-9.79379059410924e-03
1.97577970773413e-02
-2.09424701853786e-03
4.11125999312780e-03
1.24890573528730e-02
-1.58809800062432e-02
2.30797842194022e-04
2.74904412238506e-03
-1.02933827372570e-02
-6.15671607103435e-04
-2.17516703386872e-03
-2.93611246459473e-03
-1.80506321539916e-02
9.51287608746482e-03
2.28421182593897e-02
-6.48666476868683e-03
2.88026331250074e-03
4.32512676133637e-03
-5.84586887989196e-03
9.57105550428983e-03
-1.67190636137971e-02
-4.41338928817820e-03
1.28343101208911e-02
6.51420347707574e-03
4.88377140901648e-03
-9.94165183953993e-03
-1.40705049149447e-02
9.88548617824060e-03
-3.16369531097553e-03
-6.41353746028720e-04
3.01549930561071e-03
0.00000000000000e+00
0.00000000000000e+00
0.00000000000000e+00
0.00000000000000e+00
-1.21569671752115e-02
7.79228797887401e-03
-6.21063176245893e-03
-1.14440366740387e-02
-6.39914465975508e-03
-4.79093802084311e-03
5.26249988272909e-03
4.77541264696563e-03
-1.58324170685268e-02
6.33396795288526e-03
-1.52125808596851e-03
5.37082786740111e-03
2.20218528158423e-03
1.54480906396944e-03
-7.01823372594755e-03
-2.39801290244649e-03
1.53230493642369e-03
6.39481679633503e-03
4.08139542449139e-03
3.58866932513934e-03
-4.41667549357506e-03
-3.82619269324240e-03
1.13809280717519e-02
-4.00451601106540e-03
-6.63381594113187e-04
-2.22610836666444e-04
-1.19833674086436e-02
1.44757757825351e-02
7.36820600480839e-03
7.21024853391117e-03
6.92370565530829e-03
-1.74013224855964e-02
4.07256049848023e-03
-8.33137621772270e-03
-6.16190550571272e-03
2.61884710879679e-02
-1.41717473506806e-02
-2.65625193494296e-03
4.55317903745564e-03
-3.66474491114854e-03
1.48271834041637e-03
1.00363047994350e-03
-1.75497447206743e-02
-6.83948924172863e-04
2.28609478128041e-02
-4.49032376444376e-03
-7.58547726335390e-03
7.26837289998191e-04
3.29799965757397e-03
-5.66345371035261e-03
-1.31066703173946e-02
1.04705542857778e-02
-4.28605381653303e-03
8.79662138530523e-03
-6.83578708248963e-05
-6.65464894838622e-03
5.65696458000064e-03
3.59423795251617e-03
-1.21581491101704e-02
4.71014006757151e-03
-5.26965261953469e-04
1.46260662983488e-03
3.43915498005950e-03
-1.83981957711776e-02
9.56739743700178e-03
2.25845534565606e-04
-5.46819819615223e-03
4.31601991123899e-03
-1.18863900309224e-02
1.35276883438967e-02
-2.50036295234495e-02
1.03815512052166e-02
7.25569810344888e-03
-4.69287594065050e-03
1.51769953141383e-02
-6.88381036813219e-03
-4.96334927452267e-03
3.11167399968327e-03
-8.83027075622048e-03
-4.65513924003044e-03
2.07438478828231e-03
2.14589428607961e-03
1.45268865858378e-02
-8.15120044445494e-03
-1.92511733172632e-03
-9.07686787796619e-03
-5.59354195936364e-03
4.74146524090653e-03
0.00000000000000e+00
0.00000000000000e+00
0.00000000000000e+00
0.00000000000000e+00
1.41757041984301e-03
7.53674008018032e-04
-8.83401324693126e-03
-4.57885754455678e-04
6.22147963632318e-03
-2.42463502568191e-04
2.75010411452983e-04
-5.21422603629308e-03
-7.30336488299322e-03
9.97774354054295e-05
4.03025358351959e-03
-3.86278028035447e-03
-2.68385262255433e-03
-4.90131117568737e-03
-5.01160019323307e-03
5.79728138405069e-03
6.27305268552219e-03
-4.43274024205421e-03
-4.83122702440443e-03
8.98176220157222e-03
-4.33758998832815e-03
6.73219191262082e-03
-5.66506520992164e-03
-9.71283615214084e-04
-1.12549468867877e-02
1.45972598636197e-03
-4.22617395239839e-03
4.21643747480858e-04
2.03521574957080e-03
-1.61926243525745e-03
4.17518300857676e-03
-7.41608534273556e-03
4.43526717785057e-03
-6.84987664895547e-03
9.84625830917928e-03
9.83292044089765e-04
5.62015298478780e-03
-2.20030233723972e-03
1.13807909287229e-02
1.08419486618076e-05
2.69770577834105e-03
8.32199742092401e-03
-4.45394833054296e-03
5.31705445676182e-03
7.00574241138758e-03
-8.44696405858860e-03
9.21795989176975e-03
-4.79463128752500e-03
8.43872127422645e-03
-1.11980207548232e-02
1.23418761410078e-02
-1.18621474017200e-02
2.77011266517219e-03
7.87087615662589e-04
2.28950555609245e-03
-1.87116675740749e-03
1.48318393470837e-03
-4.18309211411124e-03
-5.94951683846586e-03
-4.15506540577910e-03
3.22740194887119e-03
3.94178894667676e-03
8.26759807775019e-05
2.29065284245629e-03
-1.05852523547774e-02
6.75968907182573e-03
-4.45327326510737e-03
8.42289205480625e-03
-7.35339071084593e-03
1.57160903095417e-05
2.62250136212584e-03
1.41687044399021e-03
-3.78271574884473e-04
-4.40326520596852e-03
-5.17069545198185e-03
-4.25840923863675e-03
6.99992604249470e-03
-3.44643938398314e-03
3.67125265124683e-03
-1.17912508580381e-02
-2.94560072581442e-03
4.86545564411490e-03
1.39394876721288e-02
-4.57275855821211e-03
4.05093490123091e-03
-1.04056354114089e-02
-2.00211282355350e-03
6.16006015368914e-03
0.00000000000000e+00
0.00000000000000e+00
0.00000000000000e+00
0.00000000000000e+00
1.27302516395594e-02
-1.42687743220200e-04
4.10585852053112e-03
5.68665734975909e-04
-5.62407335199149e-03
-5.25009900168991e-03
6.10332208935019e-04
-2.24361761979863e-03
-2.80014825921205e-03
-9.82028195203699e-03
-5.57922198416255e-04
2.06987785410239e-03
5.92609103767501e-04
-5.68482164403057e-03
-6.30013330469601e-03
1.66868363366666e-03
-1.00780884708448e-02
8.55450604116706e-03
-1.81017522862167e-03
-1.23631937676728e-03
-2.08741756844154e-03
-4.20059475185984e-03
5.41308429743572e-03
-6.32858790413225e-03
1.23835184752897e-04
5.65472110909824e-03
-2.22928537612424e-03
-4.55771763185249e-03
3.04770256635983e-03
7.82849036174670e-03
-7.59781991523757e-03
-1.87882352848713e-03
-1.01887137321022e-03
-5.28652114276422e-04
-4.79316356750385e-03
9.76794407147539e-04
9.92136729755104e-03
-3.63455366282683e-03
-8.83966120005530e-05
-1.24374640006766e-02
2.23247115846167e-03
-1.15417113684643e-02
7.85451843960880e-03
9.13801479145580e-04
-8.34491414449202e-03
1.23069219753021e-02
-8.52556926377942e-03
6.97971487311048e-03
-3.00678221272468e-03
1.12531502079148e-02
5.60186099204214e-03
-3.93976432402642e-03
-5.40805254519871e-05
-5.34351075571412e-03
-5.86683857660237e-03
9.21720234944224e-03
4.79305830941409e-03
2.56855483981511e-03
-5.15425298716792e-03
2.99894488629586e-03
2.92773194859352e-03
-5.27427059517286e-03
1.34258580560640e-02
-1.10833490074432e-02
1.45479848866275e-03
-4.38123040274693e-03
-5.63597065757529e-03
1.47156109416554e-02
-1.19446941326238e-02
2.51637331638304e-03
5.73857868940422e-03
4.67736427670908e-03
7.02493950429752e-03
2.19963994429042e-03
-4.28427213735001e-03
6.05438316663410e-03
-5.21956499352630e-03
3.21088086983786e-03
4.92379304570247e-03
-1.37005383842708e-03
-3.64872202025730e-03
-1.38654722138543e-02
5.95040786921940e-03
-7.29166000071352e-03
1.23368852888814e-02
-6.62930784244333e-03
2.12619027037336e-03
-3.82146889096792e-03
0.00000000000000e+00
0.00000000000000e+00
0.00000000000000e+00
0.00000000000000e+00
3.67734477672752e-03
-5.56688966631857e-03
5.14809507141071e-03
-2.55471186824714e-03
6.26962747492501e-03
-6.40479068808455e-03
3.24826221946383e-03
4.39757522872941e-03
5.48929290742564e-03
7.27735408232226e-03
3.77326717302961e-03
-3.30819955936813e-03
-1.94798747852672e-03
-2.91004389969398e-04
-2.32270227164343e-05
1.75133056640465e-03
4.45022049563997e-03
4.86417091915365e-03
1.06304603418961e-03
3.96102946119297e-03
4.84717404277471e-04
-4.50655702414166e-03
4.59181199181678e-03
5.51541577664019e-03
5.19394490232285e-05
6.68908256933070e-03
8.30660349388792e-03
9.64571010125677e-03
5.69509137597607e-03
-1.96470886331795e-03
4.69595634367363e-03
3.58630275307020e-03
8.72564783864161e-03
2.89968810160839e-03
6.90259867224409e-03
1.86674613606826e-03
1.17006950115792e-03
1.11257925180728e-03
2.36117713790453e-03
-4.02145096945171e-03
-6.15557724403473e-04
1.39345613410608e-03
-1.35415691319476e-03
-2.18801791655643e-03
-1.62240649543900e-03
1.81575997317021e-03
8.21337069467652e-03
6.23375254427623e-03
8.09196976451378e-03
-4.63837307596838e-03
4.10251298988384e-03
-1.05346550640210e-03
-8.04597327536322e-04
9.82622144366580e-05
-2.11035599956847e-03
7.76373343552667e-03
-1.95821411913227e-03
-1.27934666552106e-03
-5.55208603638400e-03
5.11298413219379e-04
4.26450455927862e-03
6.63124060364682e-03
3.69638423460005e-03
1.84367469009466e-03
-1.47976199190156e-03
-1.14267888394129e-03
-3.02594553198119e-04
2.79757585449890e-03
-2.87675438125662e-03
-5.05568690660353e-03
-7.99574171743472e-03
2.26983159987988e-03
5.11666363960473e-03
8.39290067397615e-03
-4.07770054937557e-03
3.60331405200380e-03
3.04371055904833e-04
9.14480764663254e-03
8.71986227604679e-03
9.32096865112175e-03
9.96580334404303e-04
-3.66405108881555e-03
-4.23712138987333e-03
-3.70461467899605e-05
-7.81681436375302e-04
-2.62784909259824e-03
2.16580893201523e-03
-9.71657830385069e-03
0.00000000000000e+00
0.00000000000000e+00
0.00000000000000e+00
0.00000000000000e+00
-1.27278166265179e-03
9.77516652516748e-04
-1.04857914341720e-03
-3.49291547361113e-03
1.89628815450141e-03
2.95887051987426e-03
-1.45999696664544e-03
-2.29602146360721e-03
-3.85078291420427e-03
1.12945076933049e-05
-1.68492183876162e-03
4.63492394036087e-03
-8.00273430484931e-03
-9.49459587467495e-04
2.11653279549147e-03
2.76253399457024e-03
9.13269598459685e-04
1.98038224426532e-03
2.84393380653780e-03
5.79893583701755e-04
-1.43172872779510e-03
-3.33965421590595e-03
-5.73654067804798e-03
-1.95878158576664e-03
4.30793162367954e-03
4.80684003299309e-03
7.40999676778029e-03
-9.96996033081239e-03
-1.63568333906010e-03
-5.42571171037562e-04
6.97631382295294e-03
1.06851430428829e-02
-5.49385818686205e-03
-2.71632407745281e-03
-7.04507770937768e-03
2.12469087887900e-03
-1.84341268078974e-03
1.80629614785222e-03
-9.92909298248216e-03
2.30014427776311e-03
-3.51230480287459e-03
-3.61157794106660e-03
-3.67482341016726e-03
2.70778134524496e-03
3.91660015593260e-03
-8.09365818941302e-05
-1.30868062836530e-04
2.74333066357455e-03
9.86542022303607e-03
4.38419617114504e-03
9.00871216289455e-04
-3.11631088995878e-03
4.92919231408784e-03
5.47954435077103e-03
5.68977816391036e-03
1.51244965926741e-03
6.52837031005111e-03
1.45248477101442e-03
-4.88423390843318e-04
-1.78670030539380e-03
-6.15771452749493e-03
-2.73399800443510e-03
-5.42418178986641e-03
-2.33014099334484e-03
-7.01253707639662e-03
-7.21440567923094e-04
8.95520425833761e-03
3.79186279117774e-03
1.31573414591549e-02
6.76907352992493e-03
3.04639901432893e-03
-5.52351724836936e-03
-4.14241505712449e-03
2.01176301396254e-03
4.98185106467902e-03
-2.66431601612845e-03
-4.32094553588763e-03
-8.90063653205525e-03
4.04423842613676e-03
-5.47985829215263e-03
2.81366323344211e-03
3.29937152559083e-03
2.66465275128368e-03
6.78574197874572e-03
3.09200054505491e-03
2.06303980847138e-03
8.57762946644737e-03
6.05525000637027e-03
0.00000000000000e+00
0.00000000000000e+00
0.00000000000000e+00
0.00000000000000e+00
-7.16731946801108e-03
-6.73257649645512e-03
3.50191276592165e-03
-1.24472947872007e-02
-2.37339954094854e-02
-1.06589983651795e-02
-8.14813750763392e-03
-1.39372844971673e-02
-1.12861944851498e-02
-1.70478719979548e-03
-2.09415418652314e-02
-2.26226093021656e-02
-2.35521332962691e-02
-2.51006726115199e-02
-3.08605805596075e-02
-1.96396640791295e-02
-1.64009539493590e-03
-5.58310170878960e-03
1.31637899832729e-02
1.64319692010872e-02
5.12571284115231e-03
-9.21010134915240e-03
-1.39837928801772e-02
-1.52893843913558e-02
-1.78696492034779e-02
-1.66121464027483e-02
-1.74214815309543e-02
-9.57504780122695e-03
-3.68572739633767e-03
5.88260344122217e-03
-6.94323728464253e-03
-2.20330102064697e-03
4.21782222162019e-03
9.74685909008365e-03
1.39651372306416e-02
2.20600098748528e-02
1.68961487086407e-02
1.19277766735983e-02
-8.96759092047819e-03
-1.28438401506284e-02
-1.11080083015822e-03
5.72269838425988e-03
1.63307750901393e-02
1.24120945421182e-02
-7.79984270128284e-03
-1.30982656057617e-02
3.61581092448285e-03
-1.87232842413941e-03
-2.03232292765438e-02
-1.19460541447240e-03
-1.66829677907690e-02
-2.62938506323630e-02
-1.65282739348860e-02
-7.87879662658805e-03
-2.25480410778672e-02
1.47508716750617e-02
2.30173772307803e-03
8.51829779187393e-03
1.28861323517238e-02
7.55458601755815e-03
1.80790401900456e-02
4.45529068404546e-02
3.45994710348747e-02
3.16291373941055e-02
2.59292360563704e-02
9.21133399316627e-03
7.39432702663748e-04
2.73492231740001e-03
8.53446845835212e-03
8.35794877402535e-03
1.04538461686086e-02
-2.51718391015626e-03
-5.93759566937825e-03
4.13008747113645e-03
1.28029553058407e-02
1.94667657810371e-02
2.58171104142274e-02
8.57166143777846e-03
7.44503718456669e-04
-4.29475074596632e-03
-6.59322374812104e-03
6.99855281849742e-03
2.11236871943948e-02
3.36807214111609e-02
1.55424415432461e-02
5.76000697901934e-03
2.05528073392708e-03
4.92572366645297e-03
0.00000000000000e+00
0.00000000000000e+00
0.00000000000000e+00
0.00000000000000e+00
-2.69341598960109e-02
-1.57736641805283e-02
-2.48976639299391e-02
-6.68108897893214e-03
-1.00196777808326e-02
-1.60629823732366e-02
-2.77078627366531e-03
-1.01479726668537e-02
5.73178520406828e-03
1.37056328137811e-02
3.87075780723881e-02
2.85617686569982e-02
1.66424800158431e-02
2.97966757357856e-02
2.16496189663824e-02
1.87676475732650e-04
-6.66906859761770e-03
8.87320055234246e-03
-7.71475266335345e-03
2.70682841299562e-02
3.06210742535684e-02
2.43711016746022e-02
2.32026176314740e-02
2.07441236625713e-02
2.12527661566726e-02
2.13711351826807e-02
2.80676570484688e-02
1.29356228773831e-02
1.48429536445336e-02
2.44939819335316e-03
2.12185689481836e-02
5.16856651389466e-03
-3.24282436487933e-04
1.32929295169578e-03
1.38221092803749e-02
3.51074424392904e-03
-2.27681745240001e-03
5.66801270736902e-03
2.11065230319315e-03
-1.69977823807856e-02
-1.27170869037919e-02
-3.29950623109839e-03
6.99941270841309e-04
-7.95771374121532e-03
2.86337994402812e-03
-1.12752813590091e-02
-7.37075230669470e-04
1.10375452757677e-02
9.38220451000843e-03
-5.00312194623297e-03
9.49545388227138e-03
8.18119609630881e-03
2.48708928913406e-02
2.10052098433847e-02
1.40508338876623e-02
1.60492808376491e-02
1.92217486308212e-02
2.85631766123151e-02
1.63412508390676e-02
2.56332088405380e-02
7.64739180629083e-03
1.54714910167832e-02
9.23240993048024e-03
9.65605220761774e-03
1.50858702832977e-02
1.60016181594305e-02
2.46984590327978e-02
3.07801780869206e-02
3.01368054887362e-02
3.32722410471173e-02
2.81426839962846e-02
2.42741596329059e-02
3.07896350538667e-02
1.69572324407340e-03
1.91362754815800e-03
-1.23467987301536e-02
1.03902660488268e-02
1.60177171345389e-02
1.27419579372487e-02
-3.93712348135953e-03
-3.45408539935090e-02
-2.95523026479478e-02
-2.14670773549383e-02
-2.35068940627546e-03
2.35204314662064e-03
-4.46544976795146e-03
-9.49692792374568e-03
-2.76479211288530e-02
0.00000000000000e+00
0.00000000000000e+00
0.00000000000000e+00
0.00000000000000e+00
-6.43720754047975e-03
-2.56090819471767e-03
6.33120220052872e-03
1.61347248647575e-03
9.40930366960038e-03
1.65369098558380e-03
7.39075954007386e-04
8.89030503213853e-03
3.12445180224458e-02
1.68545893723889e-02
5.04736069863302e-03
1.14808407523503e-02
-4.25408604262027e-03
-1.55910013330857e-02
-3.91168640197713e-04
7.80430446614616e-03
1.00560873743049e-02
8.72338475967108e-03
-2.33098388011458e-02
-2.76307279256855e-02
1.44866677905335e-02
3.24846975154881e-02
2.83487609585480e-02
4.12777184232247e-03
-5.03060264610904e-03
3.40435276843259e-02
2.97647996473282e-02
6.69222077862751e-03
2.47823276640573e-03
-1.83614963058502e-02
-2.82443432279709e-02
-1.71184527932334e-02
-5.95295338322479e-03
-6.61265254214119e-03
-3.03807188497425e-02
-2.22014115468354e-02
-2.39329387556961e-02
2.17222171168101e-03
1.54642734515590e-02
-1.57707480206076e-02
-2.71110084447677e-02
4.38574893166541e-03
2.10435184062628e-02
4.19037976796737e-03
-1.62410625466989e-02
-1.46733174958633e-02
-1.51660421896070e-02
-2.16542956736762e-02
-1.76996805887213e-02
-5.18114104385629e-03
5.68168216541242e-05
-6.52125559362634e-04
-1.48304322197460e-02
-4.39043735503446e-03
1.71500566326207e-02
1.76912921589683e-02
1.00133278904957e-02
1.65573942806196e-02
-1.14646832542113e-02
-1.58617801629743e-02
-1.08308154361983e-02
-1.04814660799435e-02
2.76858104600708e-04
-7.93280843897146e-04
5.03596602643174e-03
2.30440591797558e-02
7.04381892563387e-03
-1.15542616140872e-02
-1.05414317088553e-02
7.85047774451165e-03
1.25221543249487e-02
7.62043522624086e-03
1.68978347676934e-03
-2.48614450080198e-02
-4.59730277383243e-02
-1.50784237472534e-02
-1.33991286240740e-02
4.15526052091381e-03
-8.30733505370827e-03
-1.88856877673274e-02
-1.10679773261887e-02
6.44394012757161e-03
-7.09874349827532e-03
-5.44848114308359e-03
-5.83010230397913e-03
-2.22019372670494e-03
-8.16614829199451e-05
-5.77361539356150e-03
0.00000000000000e+00
0.00000000000000e+00
0.00000000000000e+00
0.00000000000000e+00
3.11489728849240e-03
1.55216075258967e-02
-8.62191484327299e-03
-5.89466258323121e-03
8.31485751060651e-03
-8.00044105936031e-03
-1.18915207410222e-02
-2.22369954513961e-03
-3.03294923507864e-03
4.67745264149715e-04
1.58526587534910e-02
1.03673852784305e-02
-7.71834646227570e-03
-2.29004858008322e-02
-2.31845743066409e-02
-1.03836226988308e-02
8.36772854166243e-03
3.30606801254969e-02
2.26233894941426e-02
1.69585641906748e-02
-1.00211561154887e-02
-1.39143272138449e-02
-9.28983987194778e-03
2.56042965634316e-04
2.66485848025684e-02
1.84950386983676e-02
1.72402081191249e-02
-9.56664614745489e-03
-1.80736824845926e-02
4.22026707169810e-03
2.23014295027765e-02
1.57812429885323e-02
2.73641979705816e-04
-1.12185063380149e-04
3.98412691998144e-03
-1.08894133463682e-03
-1.08363718163993e-02
4.47327513275465e-03
-3.86629627114376e-03
-2.08850339869303e-02
-3.02489360925794e-02
-1.99167739365385e-02
-7.08942427612182e-03
-8.30372559561217e-03
-2.92833410759548e-02
-2.56620008643282e-02
-6.99162099809671e-03
1.07135369120297e-02
1.52955896547625e-02
5.76043382975363e-04
-1.74197655379836e-02
-2.63420239490447e-02
-3.27903750068002e-03
1.21003338640721e-02
1.13037729862163e-02
5.31135971098153e-03
-2.30379553018830e-02
-2.55390402421842e-02
4.72548647024440e-03
2.70688180244306e-02
1.88496329829907e-02
-1.17515415130042e-02
-1.80592955817163e-02
-1.97349031377729e-02
-2.96841124472661e-04
2.99742575790880e-02
4.09132486871548e-02
2.43305814225321e-02
1.03171042737804e-03
-1.62186700074362e-02
-2.01276876999146e-02
-6.66507997617999e-03
2.36659188507370e-03
1.72886744489550e-02
-8.82837623179565e-03
-2.55640433281781e-02
-3.11805639344154e-02
-1.66566403771163e-02
-1.26183139215438e-02
-1.60248542386575e-02
-2.42267729831335e-02
-1.87909168881222e-02
-3.36542361100576e-03
-9.48776822617372e-03
-3.87092678092918e-03
3.89865465864750e-03
5.04298574833900e-05
-3.85870813952004e-03
0.00000000000000e+00
0.00000000000000e+00
0.00000000000000e+00
0.00000000000000e+00
-9.66106499501914e-03
-9.02026919876667e-03
-1.30189477065392e-03
-1.02839696474090e-02
-1.31148710363494e-03
3.08751845564284e-03
1.19377844588349e-02
-3.37927973748102e-04
-9.62165179564593e-03
4.46132936652058e-03
9.43364016282847e-04
-1.65291041281178e-02
1.88234985196784e-03
-1.03941750844704e-02
-1.84884425526634e-02
4.67895084539479e-03
-3.62306527673346e-03
-2.06824158410789e-02
3.40954093289309e-02
1.07205526185989e-02
7.19075638901277e-03
3.91724272610468e-02
1.41977599764274e-02
9.75786985470659e-03
2.56863183718120e-02
3.39894291922693e-02
2.65076530043215e-02
1.60188217229967e-02
-2.15806233701237e-03
1.75745135726380e-02
1.99572361309201e-02
1.73155616233393e-04
-8.24365513990193e-03
6.63082155751693e-03
2.28229758032653e-02
-6.15438781124031e-04
-1.74540253906603e-02
6.13605716819533e-03
1.19972254732047e-02
2.41806560946075e-02
-1.31833965815631e-03
-9.15827242234204e-03
1.80617003713059e-02
1.64760973077766e-02
1.97768132871882e-02
1.61407083920899e-02
4.87698540665032e-03
-1.95279666139019e-02
-1.85002425541503e-02
-3.82129466637625e-03
-3.04197652529453e-03
-1.93928533778482e-02
6.42109732871627e-04
-2.04528840746457e-03
-3.01457701076881e-03
-1.74622231042979e-02
-1.93215544252330e-02
-1.48970941428305e-02
-1.61613473944328e-02
-3.00488565698928e-02
-1.64329261201907e-02
2.37401996454111e-03
-9.02798587798705e-03
-1.34258654642524e-02
7.76469128221649e-03
-2.22868909333709e-02
-2.50840174342825e-02
6.63758914656162e-03
7.20078790524045e-03
6.06167293149509e-03
2.56347106062078e-02
4.63241734921428e-03
-2.74585797704743e-03
1.19970870236907e-02
-3.53483530693552e-02
-1.11551458731444e-02
1.08362639642271e-02
3.23053853574360e-03
-8.98557529871581e-04
-1.31697926796698e-02
-1.21109520800560e-02
8.37099924388861e-03
7.81760610236874e-03
1.16257434216699e-02
-2.59865328418075e-03
2.47117547438056e-03
-6.29234378340120e-03
8.04319710575050e-04
0.00000000000000e+00
0.00000000000000e+00
0.00000000000000e+00
0.00000000000000e+00
-7.18869971111205e-03
-8.84380860467637e-03
6.46629445268550e-03
-8.82463120592099e-03
8.57063540246961e-03
9.10894554493913e-03
4.45852063578050e-03
-9.06761237498975e-03
-2.12126979716458e-02
-1.79800641046195e-02
1.69213708232332e-02
1.47030446689440e-02
2.44592196795803e-03
8.16310088534033e-03
-1.94311277957224e-02
-1.52432809361824e-02
3.72114624208640e-03
-1.25900733981713e-02
-1.11747090310083e-02
1.37760548103652e-02
-1.27126144358844e-02
1.44615984756725e-02
2.87830760428252e-02
5.21164533302479e-03
-4.14949472104045e-03
-1.25001500529440e-02
1.23061606464980e-02
1.39855949649206e-02
1.78047576419527e-02
5.15028758637835e-03
3.34913602083794e-02
1.83820509476281e-02
6.56315597852358e-03
-6.59560111860425e-03
2.02029321938133e-03
2.33478238058264e-02
1.79509420979631e-02
1.08009085684789e-02
1.68990464399568e-02
1.75659696550498e-02
3.34578896177715e-02
-1.15996730839702e-02
-1.64045867093064e-02
-4.37437037362204e-03
4.13394359784235e-03
2.26460256528000e-02
2.42520391811227e-02
2.75173247261839e-02
5.14873341864246e-04
-7.59627710775602e-03
6.34573500807114e-03
2.43235112143197e-02
1.23072372655659e-02
1.67795335170696e-02
2.19625871631125e-02
1.26028755471255e-02
1.20500569610384e-02
-1.78974143209439e-03
9.65596437011809e-03
1.76978155452757e-02
-8.12955512223487e-03
7.37173537843017e-03
5.13310157848981e-03
-2.39828872802605e-03
5.41660011174584e-03
2.02474048692859e-02
-7.21000030351787e-03
-1.70336510301126e-02
1.38065453821026e-02
-1.45643903117622e-02
-3.07934315364419e-03
1.82783795870736e-02
3.60174520300232e-03
2.11405327724830e-02
2.34146603530388e-02
-1.62739401247437e-02
-1.54964260439576e-02
1.17922539467003e-02
1.45402470117041e-02
1.60570452305828e-02
-1.63102875910340e-02
-1.87395004451099e-02
-1.13633742312280e-02
8.83736240512703e-03
3.68431182533544e-03
1.37958197351456e-02
4.52081535980104e-03
-7.72739396706055e-03
0.00000000000000e+00
0.00000000000000e+00
0.00000000000000e+00
0.00000000000000e+00
-1.58089306449905e-03
-4.03390296398822e-03
1.73821199230797e-03
-8.16191480746484e-03
-4.37550815718156e-03
6.84746546127390e-04
1.64034720693182e-02
3.07951556967592e-03
-3.18925848484925e-03
5.73757521775816e-03
8.11768362755808e-03
2.75321128356434e-03
-8.82533095761066e-03
-1.40071830414939e-03
-1.97081504209839e-03
7.22478469579430e-03
-7.53942928612830e-04
-2.51888663880630e-03
-1.04301577887226e-02
2.05327892409805e-02
-4.75515460863220e-03
-1.31498483526371e-03
5.21370885427773e-04
-9.73212606527659e-03
2.53445176587387e-04
1.02099395819262e-03
-8.96359411911328e-03
3.34557503304588e-03
-1.27754911805021e-02
1.16612596337985e-02
-3.14327202818666e-03
-8.26775917443753e-03
4.08597873172447e-03
-3.05213704339079e-03
4.80954013680609e-03
-5.66520497897999e-03
1.13825621188164e-03
9.85798232557247e-03
-5.41119467567519e-03
-2.00246134784653e-03
3.62890096294434e-03
3.72865833176982e-03
-2.21754411232125e-03
2.91285844253911e-03
-5.73773884840883e-03
1.50398095554052e-02
-1.73923387166887e-02
4.62676838832864e-03
-2.94226418327264e-03
5.14404151984958e-03
1.38602428820480e-03
-9.94779912444541e-03
1.02676184368913e-02
1.19433248870792e-02
1.52783506394548e-04
5.94937588775804e-04
-6.47154762013184e-03
8.98870054257204e-03
-1.94821400733993e-03
-5.40131620070391e-03
1.68677814913605e-02
2.60531856911953e-04
-1.13719529723221e-02
-2.94753981806262e-03
-7.53544445574939e-04
1.32780261065328e-02
1.96497169119445e-03
-4.23308231485057e-03
-1.05045987106665e-03
-6.32344187201303e-03
-7.69115224365674e-03
9.08684302806958e-03
-5.29871184044420e-03
3.69240370955056e-03
-1.32438116023430e-03
8.54318289382146e-03
-7.47175498642683e-03
-8.34470144885621e-03
-5.80119276114231e-03
1.56189228117801e-03
3.84265909226616e-03
-5.07382828291841e-03
-9.34257938101005e-04
-2.38518086674147e-03
2.29762098249338e-04
-8.80621026445405e-04
-1.20682525118187e-02
-8.81894429352856e-03
0.00000000000000e+00
0.00000000000000e+00
0.00000000000000e+00
0.00000000000000e+00
-5.63632027879239e-03
-4.41148764814397e-03
2.90838437139939e-03
1.23846334153030e-02
9.72387418815117e-03
3.37375251764673e-03
-1.09331221150326e-03
4.80261502164441e-03
4.60984002971387e-03
-3.93742506913684e-03
-1.04482448480188e-02
8.25955774603631e-03
-6.06033875774447e-03
-3.13886216207134e-04
-9.03005241281842e-03
4.70429265243875e-03
1.13068641940858e-03
5.82643455558705e-03
3.04728768875626e-03
-5.70172035766144e-03
9.33448652057993e-03
-1.23983617034215e-02
7.75959280955022e-03
8.19640025343198e-03
-7.00243141353920e-03
6.10780604488758e-03
-3.71005219021495e-03
2.72585948353533e-03
-3.13082437880903e-04
-5.34602102954679e-03
5.75362610154425e-03
-4.68672963764899e-03
-7.71681865203532e-04
1.19790540854737e-02
-5.88307439937476e-03
-1.26622484545470e-03
-9.77679523279754e-03
1.33305001677484e-02
9.53298503156677e-03
-9.83700216221900e-03
-5.28045092656820e-03
-5.62206582612155e-05
4.47635397546803e-04
-6.92659371336964e-04
3.62141224578002e-04
3.18135664258028e-03
-1.30431926482716e-03
-3.07011834894924e-04
2.46792549110737e-03
-3.17552279470171e-03
5.86359487459468e-03
-2.11277225964518e-03
-6.40308830791329e-03
8.76950615887731e-03
1.91255516678512e-03
7.79095280433833e-03
-9.10888355753127e-03
8.89577424311298e-05
1.54422820507169e-03
-1.19390751458820e-02
4.38977547374420e-03
1.11316931943975e-03
-2.70491957253120e-03
-6.02871694829015e-03
-5.98301775758484e-05
-1.77676729893768e-03
3.91204128108912e-03
6.14537160403487e-03
-6.37749487917478e-03
8.12379074934037e-03
-4.84794286816508e-03
2.91924746657089e-03
3.49173364852441e-03
-2.92081618000859e-03
7.04336700696851e-04
-1.37369219519498e-03
-8.39807828905538e-03
-1.27199805561962e-02
-7.73652150176932e-03
-5.12274229485330e-03
-2.47907594794511e-04
-4.86814196509328e-03
2.77627227284422e-03
-4.16431550114142e-03
-3.65172911858256e-03
-9.18276152934750e-03
-2.58818368976530e-03
6.16660813650164e-03
0.00000000000000e+00
0.00000000000000e+00
0.00000000000000e+00
0.00000000000000e+00
2.65732435623740e-02
2.13163411991619e-02
-1.69059732423990e-02
-6.17849307577403e-03
-1.50155837327936e-02
3.90095723204088e-03
1.03674181709575e-02
1.73240843918970e-03
-2.43528176119576e-03
-5.63788863033688e-03
-1.88194462482301e-02
-2.33010998218778e-02
1.86363930884700e-02
2.37183389223519e-02
-5.28576830222624e-03
-5.73608457165270e-03
7.65845612524694e-03
-5.37139646426781e-03
-1.72109320970892e-02
2.98283071611734e-02
-7.70459648874145e-03
-2.26100718274299e-03
-1.91386546040324e-02
9.80815585859699e-03
2.09910690869272e-02
-1.15100216511683e-02
-2.71134664149816e-02
-9.75996310013113e-03
1.48805682435516e-03
-5.31909968091801e-03
1.84999494094890e-02
-7.23469760778936e-03
2.09982036008415e-03
-8.87063813966077e-03
-4.43008284531603e-03
1.26670581093397e-02
7.45758492247261e-03
1.15946808527552e-02
1.82554986197204e-02
5.97023942052039e-03
1.43970328208128e-03
-2.02625690706740e-03
8.06926460791857e-04
1.64648072043711e-02
4.06275067623640e-03
5.38386687193986e-03
6.60876567812254e-03
-5.55979341657983e-03
-8.04252578097947e-03
-2.81851194123766e-03
2.37471497381213e-02
2.86760952786803e-03
3.77978197730980e-03
-9.79105155619927e-03
-7.77806595299082e-03
-2.17945235600120e-02
7.62663618812980e-03
2.89805920606496e-02
3.04002776679149e-03
-1.96256222999599e-02
-2.45910502979691e-02
-2.22518633793789e-02
1.03577742321759e-02
2.58681606867020e-02
6.38502877141345e-03
-1.27909408272000e-02
-1.24961195699431e-03
2.24101691898709e-02
2.57003787246197e-02
-2.46003060498933e-03
-2.11650083038232e-02
-2.42978606867017e-02
1.16807594765790e-02
-2.73892973125102e-03
1.02933188197988e-02
7.59375535732541e-03
-5.48871718991499e-03
-1.09411177484385e-02
8.20610732219296e-03
-4.29275392511066e-03
-5.12089528626931e-03
2.38484217147809e-02
-2.26916712846900e-03
-2.89403078837541e-02
3.76325614222876e-03
-2.35784574033639e-03
7.21941099487853e-03
2.15616220721020e-03
0.00000000000000e+00
0.00000000000000e+00
0.00000000000000e+00
0.00000000000000e+00
8.69176049344209e-04
1.10843818498513e-02
2.08632653281394e-02
1.34371517474777e-02
-1.50181975808518e-02
-2.15832433082818e-02
6.40563399870274e-04
2.04396586190389e-03
6.24166353947637e-03
7.52238114596346e-03
3.52157471294206e-03
-2.81022445736442e-02
-2.04830888357428e-02
-9.68984580969025e-03
2.45308694765082e-02
-1.11452240026129e-02
-1.44897924318818e-03
-1.04822311437484e-02
8.21996582414148e-03
-9.92935383686269e-03
2.35913947891378e-02
5.44766822542493e-03
-2.06012071354082e-02
-1.34324463548507e-02
8.16823726521450e-03
1.86981337821526e-02
2.06791621430948e-02
-1.15061186693134e-02
-1.73464664580152e-02
3.79714073836270e-03
1.77706837262704e-03
1.99956333050840e-03
5.53851444786922e-03
5.31013636538612e-03
-2.27628444420822e-02
-1.28125665915368e-02
-6.37856756762786e-03
1.63333330206076e-02
-1.47915141640165e-02
3.30226255546255e-04
1.58293145393580e-02
-1.51854944976101e-02
2.10635038292748e-02
9.43890488137127e-03
-1.36022565550447e-02
1.73331811607884e-02
3.70072900380990e-03
4.07326517121367e-03
3.93679258113824e-03
5.60452158657211e-03
-9.50209804299606e-04
8.23543243988918e-03
2.46295162601686e-02
1.34112201211253e-02
-1.89903583151107e-02
-1.34224102881180e-03
-1.57646209358872e-03
4.40550846487526e-03
9.58511777834690e-03
2.56893791771429e-02
1.70139531639810e-03
-1.96405675367372e-02
-2.70081905065517e-02
-5.17551049470195e-03
2.15415450060041e-02
7.68042346585289e-03
-2.92705485388851e-02
2.77617756386974e-03
3.88891524807848e-03
3.86886362617076e-02
2.27972954742962e-02
-8.06554629449752e-03
-2.18451389565729e-02
-7.31362950776304e-03
8.93357808532482e-03
6.58587382302107e-03
1.45648831804658e-02
-1.42313791417859e-02
4.85724904836315e-03
-1.37363341047419e-03
-3.06164180705839e-02
3.10970303849751e-03
2.54987290969768e-02
-1.75231851882733e-02
-8.10870806887460e-03
-9.78523577878144e-03
-1.02028704959608e-03
1.56026179291715e-02
0.00000000000000e+00
0.00000000000000e+00
0.00000000000000e+00
0.00000000000000e+00
3.30471325551595e-03
-5.46957888174955e-03
8.89428438398025e-03
1.48730323643231e-03
-1.67877041560356e-03
-2.79139770879955e-03
7.69309060059741e-03
-5.05941212184216e-04
-7.18902412517509e-04
1.19149463503001e-04
6.90888167888676e-06
-1.80988546414976e-03
-4.95581781238311e-03
-1.01724506771877e-02
8.38316693843149e-04
2.67541319897836e-03
2.41135074267953e-03
1.37654450364647e-03
1.84725989051972e-03
4.04272833820487e-03
1.31454060480004e-03
-5.47602121350000e-03
-3.62024372821798e-03
1.19439204182784e-03
7.00835740604495e-03
4.84547412565240e-03
7.85921917586169e-03
3.11220662556441e-03
-7.42847464590926e-04
-8.22178056899843e-03
6.72888114647175e-03
1.37822796325307e-03
2.33118061994446e-03
-4.69408600854457e-03
1.01182913781025e-03
-4.45032507747655e-03
-2.10569207867902e-03
3.45472553819907e-03
-1.25858565313457e-03
-3.28218207152062e-03
-3.39295348059553e-03
8.47486950137713e-03
-3.78443504352699e-03
-7.92681047028732e-04
-3.81616061017554e-03
4.70886654924735e-03
9.21511098275033e-03
1.32713811466655e-03
1.72052827329911e-03
-9.70392270934034e-03
-8.93620747705632e-03
-5.79324515953844e-03
-1.05228384774640e-02
-3.68369058896587e-03
4.37307110727401e-03
6.88095045556583e-03
3.41639202562909e-04
-3.40077664103214e-03
-4.70372655127025e-03
-1.80330256477847e-03
-3.14817104058464e-03
-4.40051271465431e-04
-4.60574866644635e-03
1.97901453027019e-04
4.05205203004074e-03
-1.71536852149273e-03
3.80261113746691e-03
-4.86483262004544e-03
-4.96928936561558e-03
4.15053108448193e-04
1.60263577205077e-03
-3.73362166055812e-03
2.84586914148212e-03
7.11556850911880e-03
-1.50759618017183e-03
1.43666668022975e-03
-7.21467311682410e-04
9.05178447712888e-03
4.41295731572040e-03
4.26107058040688e-03
5.08486501589203e-03
-6.78091217170653e-03
-9.15954158345946e-03
4.07731241045634e-03
3.98898948884084e-04
-3.74581277421673e-03
5.84093711543871e-03
-1.25920716094364e-03
0.00000000000000e+00
0.00000000000000e+00
0.00000000000000e+00
0.00000000000000e+00
1.08835056416284e-02
4.51295571898461e-03
-7.70933758498463e-03
4.60604118176253e-03
-3.08457742120155e-03
3.07167129289265e-03
1.99908716809855e-03
2.18001258046482e-03
6.90279297878083e-03
3.49391033353611e-03
-3.13381028277034e-03
4.38779033475832e-03
-4.89141578559639e-03
-3.65746480168133e-03
-4.87412249953164e-03
3.15267269247300e-03
-2.85049107815724e-03
5.19963091027325e-03
5.76418906819084e-03
3.26127958406988e-03
3.03568114034039e-03
-6.85204916043427e-03
-6.49116954039552e-03
3.03719954891036e-03
-3.06934125162997e-03
-5.39014121756059e-03
6.16122089599961e-04
-7.68757162360930e-03
1.34378132624329e-03
-6.45815666877968e-03
1.90410605808032e-04
6.56406391087871e-03
-3.32602943022619e-03
-7.65350046038432e-04
-7.48482426241090e-03
-1.15418373784382e-03
1.02155336147318e-02
9.77856900799392e-03
3.83950830261796e-04
7.35809250218526e-03
-6.69756440004336e-03
-1.43598002478720e-03
1.23828614776383e-03
6.14679896663575e-03
4.19938560511477e-03
7.01464764612850e-03
-1.43226846756961e-03
-3.47563701908805e-03
-2.57020073772907e-03
-2.87006020693507e-03
-4.55923039793945e-03
-8.72014674667153e-03
5.84976491479995e-04
9.88065980187496e-03
-2.27098725022968e-03
-7.63142843931072e-04
6.19324641057587e-03
6.84036997895168e-04
8.80856548198359e-03
4.39509792650061e-03
-3.71982559089666e-03
6.43046878749397e-03
-3.44111147927472e-03
-2.86967146738693e-03
-8.18680162192391e-03
-1.06051346641054e-03
-5.91239431047726e-04
-3.51358210680821e-03
9.80794105939294e-03
5.85536455896531e-03
-1.79052559279190e-03
-7.09539346778141e-03
-4.45034861610915e-03
3.40610263343122e-03
5.63884847540962e-03
4.36683670978429e-03
-3.27573797769564e-04
1.56127741140177e-03
6.23440280772019e-03
-4.39684884041073e-03
7.51074097592571e-03
-5.13155625890027e-03
4.97974003876573e-03
-6.69070612130190e-04
-6.53676925452228e-03
2.48064860968166e-03
1.47154737485974e-03
5.28851680763397e-03
0.00000000000000e+00
0.00000000000000e+00
