 0.0000000000000e+00
 0.0000000000000e+00
 1.0621450439888e-01
 7.4108945441627e-02
 6.9790812319119e-02
 4.8018026663119e-03
-4.4486401686698e-03
-3.8419740572125e-02
 0.0000000000000e+00
 0.0000000000000e+00
 0.0000000000000e+00
 0.0000000000000e+00
-1.8215942930454e-02
-5.5409799980044e-05
-4.0028787795062e-02
-2.9987094253311e-02
 2.3995542927243e-02
 2.2683980131756e-03
 0.0000000000000e+00
 0.0000000000000e+00
 0.0000000000000e+00
 0.0000000000000e+00
 6.3043691410489e-04
 5.1590485705162e-03
 7.5257312173632e-03
-1.0662918332564e-02
-2.3608885594687e-02
 6.3184704394090e-03
 0.0000000000000e+00
 0.0000000000000e+00
 0.0000000000000e+00
 0.0000000000000e+00
-7.9763858840847e-03
 8.3118361118231e-03
-1.0865274070735e-02
-2.0985412112469e-02
-1.4227729916899e-02
 4.9357420606962e-02
 0.0000000000000e+00
 0.0000000000000e+00
 0.0000000000000e+00
 0.0000000000000e+00
-8.6977153783129e-03
 1.2915997520406e-02
 2.9999465217728e-02
-7.2398496381508e-03
-2.3841212796609e-02
 2.8790370862718e-02
 0.0000000000000e+00
 0.0000000000000e+00
 0.0000000000000e+00
 0.0000000000000e+00
-7.0624459679975e-03
 1.3830611183607e-03
-1.6690078525398e-02
-9.7043573439625e-03
-2.6507558918718e-03
-3.6397321671298e-02
 0.0000000000000e+00
 0.0000000000000e+00
 0.0000000000000e+00
 0.0000000000000e+00
 1.4736588382396e-02
-1.9791309710839e-03
 4.3386084088052e-03
 2.3927378941554e-02
 8.3639929928190e-02
 3.8012873584106e-02
 0.0000000000000e+00
 0.0000000000000e+00
 0.0000000000000e+00
 0.0000000000000e+00
 9.0366664243541e-03
 2.5228847751397e-02
-6.6322485091997e-03
-4.4433796681524e-02
-3.9272384246430e-02
 2.1208675126099e-02
 0.0000000000000e+00
 0.0000000000000e+00
