0.00000000000000e+00
0.00000000000000e+00
-8.53061190381630e-02
-9.16713420890740e-02
0.00000000000000e+00
0.00000000000000e+00
0.00000000000000e+00
0.00000000000000e+00
-9.07251601786290e-02
-6.32924439476310e-02
0.00000000000000e+00
0.00000000000000e+00
0.00000000000000e+00
0.00000000000000e+00
-4.56325963925460e-02
-3.17709580959000e-02
0.00000000000000e+00
0.00000000000000e+00
0.00000000000000e+00
0.00000000000000e+00
-3.28833671801460e-03
2.07640299693520e-02
0.00000000000000e+00
0.00000000000000e+00
0.00000000000000e+00
0.00000000000000e+00
1.94290361169720e-02
-1.02138537390920e-01
0.00000000000000e+00
0.00000000000000e+00
0.00000000000000e+00
0.00000000000000e+00
-1.11072073453960e-01
-1.62927374223350e-02
0.00000000000000e+00
0.00000000000000e+00
0.00000000000000e+00
0.00000000000000e+00
-2.16337436240330e-02
-1.88637787904030e-03
0.00000000000000e+00
0.00000000000000e+00
0.00000000000000e+00
0.00000000000000e+00
9.83820295839830e-02
-2.30085795169050e-02
0.00000000000000e+00
0.00000000000000e+00
0.00000000000000e+00
0.00000000000000e+00
-8.51562193785080e-02
-9.17104662136630e-02
0.00000000000000e+00
0.00000000000000e+00
0.00000000000000e+00
0.00000000000000e+00
-9.08569085456160e-02
-6.32353107777650e-02
0.00000000000000e+00
0.00000000000000e+00
0.00000000000000e+00
0.00000000000000e+00
-2.13530148654940e-02
-2.78161454092990e-02
0.00000000000000e+00
0.00000000000000e+00
0.00000000000000e+00
0.00000000000000e+00
-6.60770273371810e-02
1.71637037629450e-03
0.00000000000000e+00
0.00000000000000e+00
0.00000000000000e+00
0.00000000000000e+00
-2.22484631166700e-02
-1.60942118818510e-03
0.00000000000000e+00
0.00000000000000e+00
0.00000000000000e+00
0.00000000000000e+00
9.74665495895840e-02
-2.22466335949190e-02
0.00000000000000e+00
0.00000000000000e+00
0.00000000000000e+00
0.00000000000000e+00
1.99531948812380e-02
-1.02573956601880e-01
0.00000000000000e+00
0.00000000000000e+00
0.00000000000000e+00
0.00000000000000e+00
-1.11072073453960e-01
-1.68012608310000e-02
0.00000000000000e+00
0.00000000000000e+00
0.00000000000000e+00
0.00000000000000e+00
-8.53061190381630e-02
-9.16713420890740e-02
0.00000000000000e+00
0.00000000000000e+00
0.00000000000000e+00
0.00000000000000e+00
-9.07251601786290e-02
-6.32924439476310e-02
0.00000000000000e+00
0.00000000000000e+00
