0.00000000000000e+00
0.00000000000000e+00
-3.58998777161050e-02
3.45589630963790e-04
0.00000000000000e+00
0.00000000000000e+00
0.00000000000000e+00
0.00000000000000e+00
5.22856670477200e-02
1.80262799451660e-02
0.00000000000000e+00
0.00000000000000e+00
0.00000000000000e+00
0.00000000000000e+00
-3.52254438750480e-03
-2.83644104825760e-02
0.00000000000000e+00
0.00000000000000e+00
0.00000000000000e+00
0.00000000000000e+00
-7.86920296725300e-02
2.70027115985860e-03
0.00000000000000e+00
0.00000000000000e+00
0.00000000000000e+00
0.00000000000000e+00
-1.08953122099730e-01
-9.24891084672140e-02
0.00000000000000e+00
0.00000000000000e+00
0.00000000000000e+00
0.00000000000000e+00
7.40191142499620e-02
-4.81423539883760e-02
0.00000000000000e+00
0.00000000000000e+00
0.00000000000000e+00
0.00000000000000e+00
-4.43258599108870e-02
-3.53625958118560e-02
0.00000000000000e+00
0.00000000000000e+00
0.00000000000000e+00
0.00000000000000e+00
-1.88966182560720e-02
1.36893512233990e-02
0.00000000000000e+00
0.00000000000000e+00
0.00000000000000e+00
0.00000000000000e+00
-3.55812528068870e-02
7.84407388825130e-04
0.00000000000000e+00
0.00000000000000e+00
0.00000000000000e+00
0.00000000000000e+00
5.27951484756800e-02
1.79410924342210e-02
0.00000000000000e+00
0.00000000000000e+00
0.00000000000000e+00
0.00000000000000e+00
2.37801830520740e-02
-1.11072073453960e-01
0.00000000000000e+00
0.00000000000000e+00
0.00000000000000e+00
0.00000000000000e+00
-1.03162700860700e-01
-5.40796274355520e-02
0.00000000000000e+00
0.00000000000000e+00
0.00000000000000e+00
0.00000000000000e+00
-4.42357556090370e-02
-3.53426386701570e-02
0.00000000000000e+00
0.00000000000000e+00
0.00000000000000e+00
0.00000000000000e+00
-1.93030276668520e-02
1.34894382944710e-02
0.00000000000000e+00
0.00000000000000e+00
0.00000000000000e+00
0.00000000000000e+00
-1.08689076793000e-01
-9.22812796147100e-02
0.00000000000000e+00
0.00000000000000e+00
0.00000000000000e+00
0.00000000000000e+00
7.43073816451330e-02
-4.81536031061230e-02
0.00000000000000e+00
0.00000000000000e+00
0.00000000000000e+00
0.00000000000000e+00
-3.58998777161050e-02
3.45589630963790e-04
0.00000000000000e+00
0.00000000000000e+00
0.00000000000000e+00
0.00000000000000e+00
5.22856670477200e-02
1.80262799451660e-02
0.00000000000000e+00
0.00000000000000e+00
0.00000000000000e+00
0.00000000000000e+00
-3.52254438750480e-03
-2.83644104825760e-02
0.00000000000000e+00
0.00000000000000e+00
0.00000000000000e+00
0.00000000000000e+00
-7.86920296725300e-02
2.70027115985860e-03
0.00000000000000e+00
0.00000000000000e+00
0.00000000000000e+00
0.00000000000000e+00
-1.08953122099730e-01
-9.24891084672140e-02
0.00000000000000e+00
0.00000000000000e+00
0.00000000000000e+00
0.00000000000000e+00
7.40191142499620e-02
-4.81423539883760e-02
0.00000000000000e+00
0.00000000000000e+00
0.00000000000000e+00
0.00000000000000e+00
-4.43258599108870e-02
-3.53625958118560e-02
0.00000000000000e+00
0.00000000000000e+00
0.00000000000000e+00
0.00000000000000e+00
-1.88966182560720e-02
1.36893512233990e-02
0.00000000000000e+00
0.00000000000000e+00
0.00000000000000e+00
0.00000000000000e+00
-3.55812528068870e-02
7.84407388825130e-04
0.00000000000000e+00
0.00000000000000e+00
0.00000000000000e+00
0.00000000000000e+00
5.27951484756800e-02
1.79410924342210e-02
0.00000000000000e+00
0.00000000000000e+00
