0.00000000000000e+00
0.00000000000000e+00
4.22274075944060e-03
-2.92382987842270e-02
0.00000000000000e+00
0.00000000000000e+00
0.00000000000000e+00
0.00000000000000e+00
-8.37775620446770e-02
5.08977374198440e-03
0.00000000000000e+00
0.00000000000000e+00
0.00000000000000e+00
0.00000000000000e+00
-9.66890703788190e-02
-9.50138892082130e-02
0.00000000000000e+00
0.00000000000000e+00
0.00000000000000e+00
0.00000000000000e+00
8.06849123056640e-02
-4.84610240913820e-02
0.00000000000000e+00
0.00000000000000e+00
0.00000000000000e+00
0.00000000000000e+00
-4.32227951093990e-02
-3.57099501362260e-02
0.00000000000000e+00
0.00000000000000e+00
0.00000000000000e+00
0.00000000000000e+00
-2.40608084112920e-02
1.11886091772390e-02
0.00000000000000e+00
0.00000000000000e+00
0.00000000000000e+00
0.00000000000000e+00
2.26106940159550e-02
-1.11072073453960e-01
0.00000000000000e+00
0.00000000000000e+00
0.00000000000000e+00
0.00000000000000e+00
-1.01520504266770e-01
-6.23199075910410e-02
0.00000000000000e+00
0.00000000000000e+00
0.00000000000000e+00
0.00000000000000e+00
3.53725327876520e-03
-2.91658016579490e-02
0.00000000000000e+00
0.00000000000000e+00
0.00000000000000e+00
0.00000000000000e+00
-8.35068335473740e-02
4.94266068634030e-03
0.00000000000000e+00
0.00000000000000e+00
0.00000000000000e+00
0.00000000000000e+00
-3.74148602557430e-02
-3.84910541437440e-03
0.00000000000000e+00
0.00000000000000e+00
0.00000000000000e+00
0.00000000000000e+00
4.40043917334740e-02
2.32600431215770e-02
0.00000000000000e+00
0.00000000000000e+00
