0.00000000000000e+00
0.00000000000000e+00
-3.47969048080740e-02
6.72266579265990e-03
0.00000000000000e+00
0.00000000000000e+00
0.00000000000000e+00
0.00000000000000e+00
6.14337792147070e-02
1.26049717847100e-02
0.00000000000000e+00
0.00000000000000e+00
0.00000000000000e+00
0.00000000000000e+00
-8.04221379660480e-03
-2.71107952401730e-02
0.00000000000000e+00
0.00000000000000e+00
0.00000000000000e+00
0.00000000000000e+00
-7.61234133546250e-02
2.33940291412480e-03
0.00000000000000e+00
0.00000000000000e+00
0.00000000000000e+00
0.00000000000000e+00
-9.62821264828860e-02
-9.92870592365760e-02
0.00000000000000e+00
0.00000000000000e+00
0.00000000000000e+00
0.00000000000000e+00
-5.13422048846250e-02
-7.86277771331170e-02
0.00000000000000e+00
0.00000000000000e+00
0.00000000000000e+00
0.00000000000000e+00
-4.49704060974300e-02
-3.47257548830840e-02
0.00000000000000e+00
0.00000000000000e+00
0.00000000000000e+00
0.00000000000000e+00
-1.48573630230240e-02
1.57298839812310e-02
0.00000000000000e+00
0.00000000000000e+00
0.00000000000000e+00
0.00000000000000e+00
-3.41546543692910e-02
7.66432125470320e-03
0.00000000000000e+00
0.00000000000000e+00
0.00000000000000e+00
0.00000000000000e+00
6.22703044951730e-02
1.22891714348860e-02
0.00000000000000e+00
0.00000000000000e+00
0.00000000000000e+00
0.00000000000000e+00
2.54881433929380e-02
-1.11072073453960e-01
0.00000000000000e+00
0.00000000000000e+00
0.00000000000000e+00
0.00000000000000e+00
-1.04066026290640e-01
-4.74132588580800e-02
0.00000000000000e+00
0.00000000000000e+00
0.00000000000000e+00
0.00000000000000e+00
-4.51130694506440e-02
-3.48293222841620e-02
0.00000000000000e+00
0.00000000000000e+00
0.00000000000000e+00
0.00000000000000e+00
-1.44357922160500e-02
1.58650578976300e-02
0.00000000000000e+00
0.00000000000000e+00
0.00000000000000e+00
0.00000000000000e+00
-9.74308839390340e-02
-1.01760993984050e-01
0.00000000000000e+00
0.00000000000000e+00
0.00000000000000e+00
0.00000000000000e+00
-4.68074705722070e-02
-7.85840793162660e-02
0.00000000000000e+00
0.00000000000000e+00
0.00000000000000e+00
0.00000000000000e+00
-3.47969048080740e-02
6.72266579265990e-03
0.00000000000000e+00
0.00000000000000e+00
0.00000000000000e+00
0.00000000000000e+00
6.14337792147070e-02
1.26049717847100e-02
0.00000000000000e+00
0.00000000000000e+00
0.00000000000000e+00
0.00000000000000e+00
-8.04221379660480e-03
-2.71107952401730e-02
0.00000000000000e+00
0.00000000000000e+00
0.00000000000000e+00
0.00000000000000e+00
-7.61234133546250e-02
2.33940291412480e-03
0.00000000000000e+00
0.00000000000000e+00
0.00000000000000e+00
0.00000000000000e+00
-9.62821264828860e-02
-9.92870592365760e-02
0.00000000000000e+00
0.00000000000000e+00
0.00000000000000e+00
0.00000000000000e+00
-5.13422048846250e-02
-7.86277771331170e-02
0.00000000000000e+00
0.00000000000000e+00
0.00000000000000e+00
0.00000000000000e+00
-4.49704060974300e-02
-3.47257548830840e-02
0.00000000000000e+00
0.00000000000000e+00
0.00000000000000e+00
0.00000000000000e+00
-1.48573630230240e-02
1.57298839812310e-02
0.00000000000000e+00
0.00000000000000e+00
0.00000000000000e+00
0.00000000000000e+00
-3.41546543692910e-02
7.66432125470320e-03
0.00000000000000e+00
0.00000000000000e+00
0.00000000000000e+00
0.00000000000000e+00
6.22703044951730e-02
1.22891714348860e-02
0.00000000000000e+00
0.00000000000000e+00
0.00000000000000e+00
0.00000000000000e+00
2.54881433929380e-02
-1.11072073453960e-01
0.00000000000000e+00
0.00000000000000e+00
0.00000000000000e+00
0.00000000000000e+00
-1.04066026290640e-01
-4.74132588580800e-02
0.00000000000000e+00
0.00000000000000e+00
