0.00000000000000e+00
0.00000000000000e+00
2.54389456790529e-02
2.31144028510851e-02
0.00000000000000e+00
0.00000000000000e+00
0.00000000000000e+00
0.00000000000000e+00
-3.73672174829018e-02
7.13400836321408e-03
0.00000000000000e+00
0.00000000000000e+00
0.00000000000000e+00
0.00000000000000e+00
-3.48589450228369e-02
2.83101270949034e-02
0.00000000000000e+00
0.00000000000000e+00
0.00000000000000e+00
0.00000000000000e+00
-9.35009739579469e-03
6.04442328745826e-03
0.00000000000000e+00
0.00000000000000e+00
0.00000000000000e+00
0.00000000000000e+00
1.74446024202889e-02
-3.49211728070597e-02
0.00000000000000e+00
0.00000000000000e+00
0.00000000000000e+00
0.00000000000000e+00
1.20693351483153e-02
-3.25770004228793e-02
0.00000000000000e+00
0.00000000000000e+00
0.00000000000000e+00
0.00000000000000e+00
-3.01465007259891e-02
-5.70322247187568e-03
0.00000000000000e+00
0.00000000000000e+00
0.00000000000000e+00
0.00000000000000e+00
-1.27801859166873e-02
-3.24335178379016e-03
0.00000000000000e+00
0.00000000000000e+00
0.00000000000000e+00
0.00000000000000e+00
8.99699555752613e-04
3.42437080147297e-02
0.00000000000000e+00
0.00000000000000e+00
0.00000000000000e+00
0.00000000000000e+00
-3.11645401861041e-02
-3.70240244846530e-02
0.00000000000000e+00
0.00000000000000e+00
0.00000000000000e+00
0.00000000000000e+00
2.90100188016396e-02
1.04598272076962e-02
0.00000000000000e+00
0.00000000000000e+00
0.00000000000000e+00
0.00000000000000e+00
3.52126274877415e-02
1.90058251950138e-02
0.00000000000000e+00
0.00000000000000e+00
0.00000000000000e+00
0.00000000000000e+00
1.89972419052625e-02
2.79149442587272e-02
0.00000000000000e+00
0.00000000000000e+00
0.00000000000000e+00
0.00000000000000e+00
2.83732353538953e-02
2.47179993669304e-02
0.00000000000000e+00
0.00000000000000e+00
0.00000000000000e+00
0.00000000000000e+00
-3.04195895499321e-02
5.03876752941472e-03
0.00000000000000e+00
0.00000000000000e+00
0.00000000000000e+00
0.00000000000000e+00
2.68972668004514e-02
-3.70216019492298e-02
0.00000000000000e+00
0.00000000000000e+00
0.00000000000000e+00
0.00000000000000e+00
-1.43288659785530e-02
6.55659732330309e-03
0.00000000000000e+00
0.00000000000000e+00
0.00000000000000e+00
0.00000000000000e+00
-2.98642229520004e-02
3.51306832400997e-02
0.00000000000000e+00
0.00000000000000e+00
0.00000000000000e+00
0.00000000000000e+00
5.37112512427482e-03
-1.15650122797402e-02
0.00000000000000e+00
0.00000000000000e+00
0.00000000000000e+00
0.00000000000000e+00
-3.06511338598265e-02
-2.85047664611254e-02
0.00000000000000e+00
0.00000000000000e+00
0.00000000000000e+00
0.00000000000000e+00
3.15391295787039e-02
1.94199144403096e-02
0.00000000000000e+00
0.00000000000000e+00
0.00000000000000e+00
0.00000000000000e+00
-2.60509522066707e-02
3.57921773517988e-02
0.00000000000000e+00
0.00000000000000e+00
0.00000000000000e+00
0.00000000000000e+00
3.42336324572896e-02
-2.10156873786738e-02
0.00000000000000e+00
0.00000000000000e+00
0.00000000000000e+00
0.00000000000000e+00
3.53554550958685e-02
-1.37068931085631e-02
0.00000000000000e+00
0.00000000000000e+00
0.00000000000000e+00
0.00000000000000e+00
-3.02211217857614e-02
-2.49111282057331e-02
0.00000000000000e+00
0.00000000000000e+00
0.00000000000000e+00
0.00000000000000e+00
1.96704039332903e-02
2.34605869964033e-02
0.00000000000000e+00
0.00000000000000e+00
0.00000000000000e+00
0.00000000000000e+00
-2.16322957577842e-02
2.76676753161690e-03
0.00000000000000e+00
0.00000000000000e+00
0.00000000000000e+00
0.00000000000000e+00
2.74993645134542e-02
-3.57527442588656e-02
0.00000000000000e+00
0.00000000000000e+00
0.00000000000000e+00
0.00000000000000e+00
2.74440569231016e-02
-3.11763426114110e-02
0.00000000000000e+00
0.00000000000000e+00
0.00000000000000e+00
0.00000000000000e+00
-2.49162808934246e-02
-1.09274990337307e-03
0.00000000000000e+00
0.00000000000000e+00
0.00000000000000e+00
0.00000000000000e+00
2.49620529021309e-02
3.44519568659204e-02
0.00000000000000e+00
0.00000000000000e+00
0.00000000000000e+00
0.00000000000000e+00
-1.91520182088158e-02
-1.46396216023672e-02
0.00000000000000e+00
0.00000000000000e+00
0.00000000000000e+00
0.00000000000000e+00
-2.44766221284743e-03
-2.09355273337473e-02
0.00000000000000e+00
0.00000000000000e+00
0.00000000000000e+00
0.00000000000000e+00
2.54629633221878e-02
2.23361488403867e-03
0.00000000000000e+00
0.00000000000000e+00
0.00000000000000e+00
0.00000000000000e+00
-2.83386238920159e-02
2.80722528096166e-02
0.00000000000000e+00
0.00000000000000e+00
0.00000000000000e+00
0.00000000000000e+00
2.69012497750827e-02
-1.31442310179256e-02
0.00000000000000e+00
0.00000000000000e+00
0.00000000000000e+00
0.00000000000000e+00
-2.62760738337998e-02
-2.63321216554557e-02
0.00000000000000e+00
0.00000000000000e+00
0.00000000000000e+00
0.00000000000000e+00
-1.88396610732125e-02
-1.38326543257516e-02
0.00000000000000e+00
0.00000000000000e+00
0.00000000000000e+00
0.00000000000000e+00
-3.04772770657363e-02
3.51827110444244e-02
0.00000000000000e+00
0.00000000000000e+00
0.00000000000000e+00
0.00000000000000e+00
-2.68132741315564e-02
2.66823849644814e-02
0.00000000000000e+00
0.00000000000000e+00
0.00000000000000e+00
0.00000000000000e+00
3.04918718375482e-02
-2.95760315214240e-02
0.00000000000000e+00
0.00000000000000e+00
0.00000000000000e+00
0.00000000000000e+00
-1.26287509150573e-02
-3.36958270541949e-02
0.00000000000000e+00
0.00000000000000e+00
0.00000000000000e+00
0.00000000000000e+00
2.14764224509648e-02
2.87520259491501e-02
0.00000000000000e+00
0.00000000000000e+00
0.00000000000000e+00
0.00000000000000e+00
1.97811210203203e-02
2.24220511889741e-02
0.00000000000000e+00
0.00000000000000e+00
0.00000000000000e+00
0.00000000000000e+00
-3.54345937425846e-02
4.09940992741175e-03
0.00000000000000e+00
0.00000000000000e+00
0.00000000000000e+00
0.00000000000000e+00
2.97636421563430e-02
-2.74894761134913e-02
0.00000000000000e+00
0.00000000000000e+00
0.00000000000000e+00
0.00000000000000e+00
-3.27157499002723e-02
5.02592130686462e-03
0.00000000000000e+00
0.00000000000000e+00
0.00000000000000e+00
0.00000000000000e+00
-3.06107608867988e-02
3.28379661685183e-02
0.00000000000000e+00
0.00000000000000e+00
0.00000000000000e+00
0.00000000000000e+00
-1.85573296864376e-03
-3.66210996333023e-03
0.00000000000000e+00
0.00000000000000e+00
0.00000000000000e+00
0.00000000000000e+00
-3.59537754921893e-02
-3.25337438883468e-02
0.00000000000000e+00
0.00000000000000e+00
0.00000000000000e+00
0.00000000000000e+00
2.44157618753484e-03
2.30137430564517e-02
0.00000000000000e+00
0.00000000000000e+00
0.00000000000000e+00
0.00000000000000e+00
9.02432468433142e-03
2.10528149610260e-02
0.00000000000000e+00
0.00000000000000e+00
0.00000000000000e+00
0.00000000000000e+00
7.26527398810809e-03
-7.84233458919900e-03
0.00000000000000e+00
0.00000000000000e+00
0.00000000000000e+00
0.00000000000000e+00
-5.35055961326451e-03
-1.51069315071037e-03
0.00000000000000e+00
0.00000000000000e+00
0.00000000000000e+00
0.00000000000000e+00
-2.73660224841846e-02
-1.76978167965369e-02
0.00000000000000e+00
0.00000000000000e+00
0.00000000000000e+00
0.00000000000000e+00
3.22056673717655e-02
3.77560557408874e-02
0.00000000000000e+00
0.00000000000000e+00
