0.00000000000000e+00
0.00000000000000e+00
2.34904936287160e-02
-1.11072073453960e-01
0.00000000000000e+00
0.00000000000000e+00
0.00000000000000e+00
0.00000000000000e+00
-1.03656659671600e-01
-4.88131836434980e-02
0.00000000000000e+00
0.00000000000000e+00
0.00000000000000e+00
0.00000000000000e+00
-3.48106125483370e-02
5.15077403003850e-03
0.00000000000000e+00
0.00000000000000e+00
0.00000000000000e+00
0.00000000000000e+00
5.85835628028580e-02
1.46579770034320e-02
0.00000000000000e+00
0.00000000000000e+00
0.00000000000000e+00
0.00000000000000e+00
-6.46009314774940e-03
-2.74830929957200e-02
0.00000000000000e+00
0.00000000000000e+00
0.00000000000000e+00
0.00000000000000e+00
-7.70686180228470e-02
2.42013337947380e-03
0.00000000000000e+00
0.00000000000000e+00
0.00000000000000e+00
0.00000000000000e+00
-1.11072073453960e-01
-1.07822216315880e-01
0.00000000000000e+00
0.00000000000000e+00
0.00000000000000e+00
0.00000000000000e+00
1.98658331454590e-03
-6.20359947741590e-02
0.00000000000000e+00
0.00000000000000e+00
0.00000000000000e+00
0.00000000000000e+00
2.22512046618730e-02
-1.11072073453960e-01
0.00000000000000e+00
0.00000000000000e+00
0.00000000000000e+00
0.00000000000000e+00
-1.03884231757900e-01
-4.80807946823150e-02
0.00000000000000e+00
0.00000000000000e+00
0.00000000000000e+00
0.00000000000000e+00
-4.44359681467910e-02
-3.47315443773950e-02
0.00000000000000e+00
0.00000000000000e+00
0.00000000000000e+00
0.00000000000000e+00
-1.64502499094440e-02
1.49573123385820e-02
0.00000000000000e+00
0.00000000000000e+00
0.00000000000000e+00
0.00000000000000e+00
-1.11072073453960e-01
-1.07122133829660e-01
0.00000000000000e+00
0.00000000000000e+00
0.00000000000000e+00
0.00000000000000e+00
3.51838483735230e-02
-5.04028071006030e-02
0.00000000000000e+00
0.00000000000000e+00
0.00000000000000e+00
0.00000000000000e+00
-5.85576098655260e-03
-2.74589303475880e-02
0.00000000000000e+00
0.00000000000000e+00
0.00000000000000e+00
0.00000000000000e+00
-7.73403506287800e-02
2.48308459066180e-03
0.00000000000000e+00
0.00000000000000e+00
0.00000000000000e+00
0.00000000000000e+00
2.34904936287160e-02
-1.11072073453960e-01
0.00000000000000e+00
0.00000000000000e+00
0.00000000000000e+00
0.00000000000000e+00
-1.03656659671600e-01
-4.88131836434980e-02
0.00000000000000e+00
0.00000000000000e+00
0.00000000000000e+00
0.00000000000000e+00
-3.48106125483370e-02
5.15077403003850e-03
0.00000000000000e+00
0.00000000000000e+00
0.00000000000000e+00
0.00000000000000e+00
5.85835628028580e-02
1.46579770034320e-02
0.00000000000000e+00
0.00000000000000e+00
0.00000000000000e+00
0.00000000000000e+00
-6.46009314774940e-03
-2.74830929957200e-02
0.00000000000000e+00
0.00000000000000e+00
0.00000000000000e+00
0.00000000000000e+00
-7.70686180228470e-02
2.42013337947380e-03
0.00000000000000e+00
0.00000000000000e+00
0.00000000000000e+00
0.00000000000000e+00
-1.11072073453960e-01
-1.07822216315880e-01
0.00000000000000e+00
0.00000000000000e+00
0.00000000000000e+00
0.00000000000000e+00
1.98658331454590e-03
-6.20359947741590e-02
0.00000000000000e+00
0.00000000000000e+00
0.00000000000000e+00
0.00000000000000e+00
2.22512046618730e-02
-1.11072073453960e-01
0.00000000000000e+00
0.00000000000000e+00
0.00000000000000e+00
0.00000000000000e+00
-1.03884231757900e-01
-4.80807946823150e-02
0.00000000000000e+00
0.00000000000000e+00
0.00000000000000e+00
0.00000000000000e+00
-4.44359681467910e-02
-3.47315443773950e-02
0.00000000000000e+00
0.00000000000000e+00
0.00000000000000e+00
0.00000000000000e+00
-1.64502499094440e-02
1.49573123385820e-02
0.00000000000000e+00
0.00000000000000e+00
0.00000000000000e+00
0.00000000000000e+00
-1.11072073453960e-01
-1.07122133829660e-01
0.00000000000000e+00
0.00000000000000e+00
0.00000000000000e+00
0.00000000000000e+00
3.51838483735230e-02
-5.04028071006030e-02
0.00000000000000e+00
0.00000000000000e+00
0.00000000000000e+00
0.00000000000000e+00
-5.85576098655260e-03
-2.74589303475880e-02
0.00000000000000e+00
0.00000000000000e+00
0.00000000000000e+00
0.00000000000000e+00
-7.73403506287800e-02
2.48308459066180e-03
0.00000000000000e+00
0.00000000000000e+00
0.00000000000000e+00
0.00000000000000e+00
2.34904936287160e-02
-1.11072073453960e-01
0.00000000000000e+00
0.00000000000000e+00
0.00000000000000e+00
0.00000000000000e+00
-1.03656659671600e-01
-4.88131836434980e-02
0.00000000000000e+00
0.00000000000000e+00
