0.030920486647
0.030839961007
0.030753824319
0.030748999606
0.030515690996
0.030689561986
0.030665770122
0.030680039482
0.030574062194
0.030498284271
0.030709309422
0.030734230535
0.030576368775
0.03074701987
0.030605057536
0.030604778204
0.030406744661
0.030327706116
0.03023498538
0.030233080404
0.030386693603
0.030557604876
0.030547679604
0.03055981529
0.030407214993
0.030332877329
0.030520985651
0.030544466716
0.030436278011
0.030604590177
0.030475727608
0.030476407746
0.03054770112
0.030468228895
0.030381341922
0.030376564184
0.030147416693
0.030319072144
0.030297058534
0.030311060263
0.030468866527
0.030393398345
0.030600990425
0.030625857014
0.030485889947
0.030656051672
0.030515233459
0.030515061193
0.03049437889
0.030414996655
0.030323837259
0.030321746661
0.030460755618
0.030632095196
0.030621006716
0.03063322323
0.030397025636
0.03032272695
0.030510792527
0.030534124816
0.030420285801
0.030588489547
0.030459262598
0.030459865151
0.030482635774
0.030403332824
0.030318453537
0.030314005435
0.030082227137
0.030253813155
0.030230421159
0.030244619865
0.030123257511
0.030048700759
0.030256648683
0.030281544888
0.030126876371
0.030295224706
0.030155291791
0.030155151031
0.030399995205
0.030320867591
0.030228167663
0.030225843588
0.030376663482
0.030547295952
0.030537188419
0.030549192264
0.030420887356
0.030346393807
0.030534621003
0.030557733328
0.030449728593
0.030617881417
0.030488940575
0.0304894654
0.030501601435
0.030422260812
0.030335418707
0.030330719617
0.030105203766
0.030276634805
0.030254775476
0.030268785201
0.030407026159
0.030331762914
0.030538996489
0.030563947883
0.030422976762
0.030592862945
0.030452333621
0.030452232292
0.030357278181
0.030278194629
0.03018743263
0.030185094614
0.030323025834
0.030493436502
0.030482196482
0.030494254504
0.030263613738
0.030189534939
0.030376876996
0.030399807271
0.030287223354
0.030454496694
0.030325893431
0.030326372929
0.030846692081
0.030766089276
0.030680143413
0.030674319568
0.030443396149
0.030616228119
0.030591973021
0.030605797285
0.030497443969
0.030421551559
0.030632257414
0.030656214246
0.030499773601
0.030669414269
0.030527991417
0.030527347711
0.030361026773
0.030281809083
0.030189240458
0.03018619825
0.03034017932
0.030510129964
0.030499705827
0.030511370411
0.030363849332
0.030289271918
0.03047736992
0.03049977343
0.030392321774
0.03055973076
0.03043114339
0.030431396911
0.03064376306
0.030563903219
0.030476730359
0.030471427276
0.030242548016
0.030414424737
0.030392080952
0.030405928162
0.030562756814
0.030486905482
0.03069524738
0.030719739131
0.030579735366
0.030750130065
0.030608961718
0.030608621429
0.030595896387
0.030516114638
0.030424659541
0.030422045592
0.030561845187
0.030733433575
0.030722055263
0.030734116964
0.030497973095
0.030423275288
0.030612086518
0.030635028001
0.030521058685
0.030689523716
0.030559907428
0.030560337615
0.030665269955
0.030585249767
0.030499837008
0.030494451481
0.030262852156
0.030434905684
0.030410917114
0.030424840301
0.030305544423
0.030230261868
0.030439624696
0.03046384454
0.030309191641
0.030478031023
0.030337404904
0.030336942015
0.030563741476
0.03048397871
0.030390807728
0.030387671462
0.030539886281
0.030710943473
0.030700401827
0.03071216222
0.030583131841
0.030508007944
0.030697422253
0.030719937873
0.030611674694
0.030780271766
0.030650702054
0.030650955267
0.030651137654
0.030571238035
0.030483976043
0.030478623698
0.030252839875
0.030424722566
0.030402411656
0.030416246963
0.030555545953
0.030479725878
0.030688091861
0.03071259524
0.030571623445
0.030741977696
0.030600865133
0.030600552497
0.030516559832
0.030436900683
0.030345663666
0.030342702034
0.030481874243
0.030652801318
0.030641223171
0.030653116137
0.0304222174
0.03034757617
0.030536037866
0.030558547301
0.030445587053
0.030613397874
0.030484159931
0.030484444029
0.030895254266
0.030813995563
0.030727868783
0.030720046199
0.030492276554
0.030664175181
0.030638894099
0.03065193702
0.030547876454
0.030471246608
0.030682671467
0.030704853611
0.030550157964
0.030718923292
0.030577619257
0.030576231091
0.030384503027
0.03030474074
0.03021217544
0.030207309118
0.030362626808
0.030531599717
0.030520323016
0.030531274217
0.030383597268
0.030308410972
0.03049707199
0.030517815623
0.030410993271
0.030577457931
0.030448933562
0.030448498443
0.030522772586
0.030442565483
0.030355738792
0.030347975768
0.030123671551
0.030293363516
0.030269840823
0.030282619661
0.030443370297
0.030367040193
0.030575035405
0.030597146437
0.030460383858
0.030628654804
0.030488484978
0.030487192363
0.030472020618
0.030391903763
0.030300869589
0.030295795698
0.030436999292
0.030606383569
0.030593959713
0.030604975205
0.030373275162
0.030298119342
0.030486737563
0.030507321586
0.030394883133
0.030561226908
0.030432351919
0.030431828451
0.030705147719
0.030624559611
0.030539013971
0.030531907005
0.030303066521
0.030474300959
0.030449417999
0.030462657398
0.030342440561
0.030266534942
0.030476498443
0.030499198899
0.030346072788
0.030514123958
0.030373644337
0.030372535247
0.030619035041
0.030538643797
0.030445349399
0.030440402606
0.030594000707
0.030764265287
0.030752893944
0.030763950215
0.030638599888
0.0305627729
0.030752962725
0.030773851155
0.030666196605
0.030834043614
0.0307043878
0.030703939422
0.030748245161
0.030667553517
0.030580000581
0.030572643329
0.030349390656
0.03052060618
0.030497236982
0.030510297071
0.030652271901
0.030575586058
0.030784997525
0.030807756684
0.030668344913
0.030838069653
0.030696868952
0.030695787585
0.03060558596
0.030525154891
0.030433703793
0.030428737887
0.030569809045
0.030740011602
0.030727509005
0.030738623148
0.030509855201
0.030434369634
0.030623846415
0.030644579773
0.030532228487
0.030699352835
0.030569921152
0.030569423544
0.030898168883
0.030818036058
0.03073198499
0.030728610414
0.030492972285
0.030667581177
0.030644461805
0.030659405991
0.030549337248
0.0304740712
0.030684644508
0.030710931734
0.03055167917
0.030723087219
0.030580947658
0.030581378192
0.030409819877
0.030331092186
0.030238287576
0.03023769734
0.030390371143
0.030562097757
0.030552706536
0.030565481788
0.030413684386
0.030339755118
0.030527569435
0.030552326649
0.030443521165
0.030612689006
0.030483645827
0.030485001187
0.030677141379
0.030597765489
0.030510498738
0.030507536556
0.03027478671
0.03044826741
0.030427050661
0.030441955844
0.030596705602
0.030521493588
0.03072959943
0.030756327879
0.030613687717
0.030785694262
0.030643917834
0.030644614882
0.030626725351
0.03054744687
0.03045584561
0.030455592098
0.030593706548
0.030766909259
0.030756523143
0.030769645085
0.030529672376
0.030455627865
0.030644070413
0.030669256955
0.030554021514
0.030724083033
0.030594091299
0.030595575814
0.03070776041
0.030628344153
0.030542863123
0.030540414468
0.030303338067
0.030477406387
0.03045481733
0.030470051333
0.030348428036
0.030273930658
0.03048300876
0.030509997561
0.030352064294
0.030522901348
0.030381509094
0.030382304471
0.030604523838
0.030525384187
0.030431993285
0.030431801194
0.030582343586
0.030755426054
0.030746152791
0.030759216177
0.030625386568
0.030551069038
0.03074003471
0.03076535478
0.030655556796
0.030826155407
0.03069612205
0.030697668521
0.030697514226
0.030618197029
0.030530816599
0.030528382098
0.030297707368
0.030471611009
0.030450722747
0.030465854658
0.030602245051
0.030527196809
0.030735304833
0.030762589598
0.030618309897
0.030790683013
0.030648798922
0.030649744909
0.030561321046
0.030482260329
0.030390826042
0.030390794608
0.030527914343
0.030700875801
0.030690551713
0.030703737301
0.030468294338
0.030394432558
0.030582481151
0.030607773349
0.030493260036
0.030663075334
0.030533353089
0.030534911821
0.031073198035
0.030992052485
0.030905470663
0.030899795308
0.030666817935
0.030841037587
0.030816702723
0.030830719931
0.030724675932
0.03064827964
0.030860498828
0.030884806719
0.030726990725
0.030898012577
0.030755491429
0.030754933859
0.03055773705
0.030478094401
0.030384931794
0.030382207927
0.030537077079
0.030708337507
0.03069797784
0.030709868081
0.030557837902
0.030482896138
0.030672121314
0.030694989284
0.030586590939
0.030755279183
0.030625833304
0.030626244143
0.030706159489
0.030626050333
0.03053870715
0.030533069846
0.030304045443
0.030476076918
0.030453513011
0.030467260425
0.030626679474
0.030550570526
0.030759393965
0.030783638444
0.03064379468
0.030814359794
0.030672952919
0.030672495471
0.0306532664
0.030573252415
0.030481629925
0.030478699428
0.030619064232
0.030790784892
0.030779252365
0.030791215978
0.030555007909
0.030480080462
0.030669312498
0.030692020529
0.030577936119
0.030746545404
0.030616707312
0.030617030687
0.030596362179
0.030516610522
0.030431399419
0.030426362763
0.030194738179
0.03036661225
0.030342830996
0.030356868583
0.030235540791
0.030160542664
0.030369368407
0.030393854784
0.030239181362
0.030407840485
0.030267479154
0.030267163311
0.030513374534
0.030433808263
0.030340772809
0.030337879715
0.03048961108
0.030660535982
0.03065011476
0.030661962293
0.030534007472
0.030459081684
0.03064813469
0.030670834705
0.030562640768
0.030731111233
0.030601722922
0.03060207891
0.030612488033
0.030532709056
0.030445545732
0.030440270563
0.030214820874
0.030386531255
0.030364293522
0.030378144329
0.030517413642
0.030441716157
0.030649804199
0.030674350704
0.030533428261
0.030703620206
0.030562669619
0.030562395479
0.030468095252
0.030388580413
0.030297493101
0.030294596054
0.030433449628
0.030604144337
0.03059259835
0.030604500843
0.030373803113
0.030299301469
0.030487448881
0.030509975015
0.030397196181
0.030564777202
0.03043573961
0.030436052005
0.030797334626
0.030716996194
0.030631194444
0.030625906777
0.030394439483
0.030567311908
0.030543339488
0.030557385211
0.030448850974
0.030373255526
0.03058351683
0.030607937805
0.030451186043
0.030620886104
0.030479580744
0.03047919328
0.030311759023
0.030232812051
0.030140371519
0.030137862977
0.030291255537
0.030461253815
0.030451060005
0.030462952562
0.030314807778
0.030240534554
0.030428197371
0.030451075299
0.030343524409
0.03051099695
0.030382556035
0.030383073648
0.030588427539
0.030508837122
0.030421819747
0.030417012734
0.030187807362
0.030359666527
0.030337593098
0.030351641073
0.030507747817
0.030432198601
0.030640064897
0.030664982857
0.030524703745
0.030695101249
0.03055408659
0.030553988702
0.030539940617
0.030460437477
0.030369136418
0.030367024103
0.030506179695
0.030677758486
0.030666599192
0.030678871886
0.030442339132
0.030367950259
0.030556294763
0.030579673928
0.03046564472
0.030634117438
0.030504678017
0.03050535749
0.030661710843
0.030581982315
0.030496596882
0.030492300976
0.030258818716
0.030431513085
0.030408047481
0.030422450407
0.030302335661
0.030227411569
0.030436535106
0.03046176964
0.030305995838
0.030475480427
0.030334655662
0.03033467223
0.030559886132
0.030480423333
0.030387224715
0.030385179513
0.030536684604
0.030708390084
0.030698313559
0.030710554475
0.030579821449
0.03050506643
0.0306941949
0.030717741592
0.030608959299
0.030778207165
0.030648540021
0.030649287856
0.030652902897
0.030573293976
0.030486029741
0.030481815652
0.030254255771
0.03042683943
0.030405083518
0.030419420136
0.030557459169
0.030482003715
0.0306901567
0.030715735349
0.030573539617
0.030744603423
0.030603261281
0.030603452766
0.030518016514
0.030438656543
0.0303473869
0.030345572096
0.030483865484
0.030655505163
0.030644411366
0.030656809436
0.030424229943
0.030349959187
0.03053815839
0.030561750585
0.030448221389
0.030616743669
0.030487378088
0.030488176001
0.030782462235
0.030702542273
0.030616806014
0.030613166323
0.030378890979
0.030552671202
0.030529521469
0.030544292381
0.030437840422
0.030362752849
0.030572596177
0.030598529819
0.030440122872
0.03061073811
0.030469163734
0.030469485961
0.030270298614
0.030191880807
0.030099527723
0.030098798034
0.030250961553
0.030421807041
0.030412391446
0.030425047399
0.03027142157
0.030197786606
0.030384763262
0.03040927757
0.030300972027
0.030469265537
0.030340837277
0.030342135034
0.030397786211
0.030318928591
0.030232467231
0.030228809822
0.029999112784
0.030170567977
0.030149186244
0.030163648695
0.030319615745
0.030244847969
0.030451196829
0.030477013738
0.030336530785
0.030506547646
0.030366188039
0.030366589588
0.030344885705
0.030266136011
0.030175396846
0.030174436569
0.030311901666
0.030483069585
0.030472486156
0.030485189407
0.03024830207
0.030174713028
0.030361582826
0.030385891574
0.030272003443
0.030440083775
0.030311351938
0.030312542014
0.030722137813
0.03064266387
0.030557151298
0.030554647921
0.030317575044
0.030491689762
0.030469058742
0.030484273662
0.030360723897
0.030286177957
0.03049536361
0.030522324003
0.030364354269
0.030535232893
0.030393797871
0.030394574856
0.03063342884
0.030554172892
0.030460689419
0.030460356231
0.030611087899
0.030784246177
0.03077490892
0.03078792519
0.030655320706
0.030580882087
0.030770066626
0.030795278776
0.030685451891
0.030856131809
0.030725981698
0.030727470417
0.030776318484
0.030696708108
0.030609094447
0.030606330626
0.030375710124
0.030549860728
0.030528774002
0.030543804584
0.030680879825
0.030605536681
0.030814241997
0.030841304944
0.030696934868
0.030869561656
0.030727372197
0.030728191759
0.030632855353
0.030553517229
0.030461883625
0.030461517122
0.030599177627
0.030772336477
0.030761838098
0.030774910589
0.030539367536
0.030465224474
0.030653791639
0.030678828922
0.03056423743
0.030734248035
0.030604256738
0.030605679528
0.030751051905
0.030670707971
0.030585058798
0.030579706902
0.030348681041
0.030521209816
0.030497268148
0.030511287127
0.030403091787
0.030327525544
0.030537486611
0.030561841325
0.030405368978
0.030574775074
0.03043367858
0.030433329261
0.030267270741
0.030188335676
0.030096051094
0.030093506864
0.030246715087
0.030416408065
0.030406226261
0.030418119797
0.03027013437
0.030195906152
0.030383301383
0.030406146538
0.030298741263
0.03046595297
0.030337691134
0.030338266366
0.030534882579
0.030455303131
0.030368467253
0.030363615985
0.030134869498
0.030306352565
0.030284329086
0.030298349183
0.030454320368
0.03037881817
0.030586332698
0.030611195369
0.030471185339
0.03064125357
0.030500481745
0.030500424455
0.030485918461
0.030406439224
0.030315322169
0.030313171071
0.030452142786
0.030623354267
0.030612223084
0.030624482704
0.030388501817
0.030314167866
0.03050219018
0.030525524256
0.030411711862
0.030579864289
0.030450647754
0.030451374218
0.030526466111
0.030446709075
0.030361718506
0.030356485351
0.03012570672
0.030297005292
0.030273232488
0.030287172085
0.030168334044
0.03009336348
0.030301753824
0.030326037166
0.030171889419
0.030340053601
0.030200017968
0.030199700068
0.030424338676
0.030344866093
0.030252138828
0.030249167473
0.030400636327
0.030570963567
0.030560556805
0.030572367525
0.030443606504
0.030368818045
0.030557329722
0.030579936637
0.03047206369
0.030640001095
0.030510987856
0.03051140454
0.030512144392
0.030432480393
0.030345653393
0.03034038487
0.03011551493
0.030286596156
0.030264473036
0.030278287312
0.030416999622
0.030341463535
0.0305488756
0.030573377479
0.030432927099
0.030602553131
0.030462048431
0.030461844651
0.030377342337
0.030297939448
0.030207148832
0.030204279378
0.030342794756
0.03051294135
0.030501486621
0.030513386638
0.030283404373
0.030209060465
0.030396642975
0.030419174342
0.030306679089
0.030473783716
0.030345112217
0.030345516595
