0.0070095753291
0.0069432884702
0.0069208096073
0.0067366196375
0.00700698883
0.0069348388805
0.0068399556916
0.0067656751572
0.0068665148065
0.006792764156
0.0068761480639
0.0067140047308
0.0068656325042
0.0067960037408
0.0067979610888
0.0067248409822
0.0070389490166
0.0069730530753
0.0069577883708
0.0067764518665
0.0069250162237
0.0068536722542
0.0067713868392
0.0066985527012
0.0069471220353
0.0068735744624
0.0069597600273
0.0067972551012
0.006854006983
0.0067856481637
0.0067722891476
0.0066987297689
0.0069340643937
0.0068684734759
0.0068487568801
0.0066667002642
0.0068950892858
0.0068238443402
0.0067285654783
0.0066552479782
0.0068789573494
0.006805289347
0.0068875887941
0.0067257123393
0.0068832179877
0.0068140354786
0.006815505564
0.0067424599885
0.0070166299893
0.0069506649596
0.0069338045285
0.0067519341804
0.0069239879712
0.0068521865043
0.0067705310684
0.0066973656651
0.0069141162901
0.0068406836184
0.0069264124594
0.0067639776119
0.0068219160927
0.0067533022551
0.006740594027
0.0066670258546
0.0069649929954
0.0068994331454
0.0068773605455
0.0066956018292
0.0069604987622
0.0068895587496
0.0067957764316
0.0067223772719
0.0068238187067
0.0067509067206
0.0068333704561
0.0066734439672
0.0068236608934
0.0067552028368
0.0067572341405
0.0066849897246
0.0069651935593
0.0068994874856
0.0068841323076
0.0067027991054
0.0068539387438
0.0067821497792
0.0067000387372
0.0066270574425
0.0068759509426
0.0068024951372
0.0068883465967
0.006725663496
0.0067833105577
0.0067144243907
0.0067013983682
0.0066276376615
0.0069330509628
0.0068675136452
0.0068475126286
0.0066655963147
0.0068956250113
0.0068244239741
0.0067295510158
0.0066561721313
0.0068867495914
0.0068130984021
0.0068954311336
0.006733735245
0.0068905587458
0.0068214884628
0.0068228854826
0.0067497826392
0.0069386506743
0.0068730702855
0.0068566734261
0.006675590908
0.0068465394846
0.0067747425671
0.0066934549655
0.0066204501692
0.0068236979076
0.0067506907847
0.0068356778496
0.0066738279994
0.0067313848741
0.0066626499207
0.0066502829204
0.006576863501
0.0068102273984
0.0067445906712
0.0067227181209
0.0065390608562
0.0068099911714
0.0067369814103
0.006642639638
0.0065682839345
0.0066701713926
0.0065970124367
0.0066789413512
0.0065170362775
0.0066692543113
0.0065987259691
0.0066015805318
0.0065284203193
0.0068224730281
0.0067572184251
0.006742618126
0.0065616485467
0.0067091366383
0.0066367369312
0.0065548318077
0.0064818520718
0.0067309449967
0.0066579676818
0.0067427460844
0.0065803178939
0.0066379525174
0.0065684855382
0.0065560790029
0.0064823965068
0.0068622561594
0.0067967122714
0.0067772091673
0.0065945646661
0.0068243831864
0.0067523335463
0.0066569512481
0.0065831670952
0.0068077217954
0.0067340048232
0.0068159556799
0.0066534037636
0.0068118755354
0.0067418466915
0.0067438032505
0.006670281757
0.0069445328475
0.0068785915169
0.0068619958324
0.0066794911691
0.0068519458762
0.0067793031648
0.0066975294045
0.0066238739489
0.0068408593197
0.0067673635482
0.0068528019189
0.0066896520246
0.0067482581263
0.0066787633471
0.0066664866525
0.0065924175538
0.0068411698503
0.0067757269557
0.0067540025361
0.0065712774604
0.0068387505133
0.0067664928449
0.0066724301807
0.0065983884328
0.0066998744217
0.0066269505589
0.0067087812243
0.0065477679574
0.0066996755015
0.0066298543673
0.0066326753034
0.0065598048332
0.0068554445559
0.0067898171434
0.0067748555217
0.0065926125866
0.0067436790964
0.0066706800736
0.0065883167628
0.0065147242574
0.0067664282854
0.0066929363358
0.0067783254766
0.0066146418965
0.0066732722764
0.0066031527506
0.006590735604
0.0065163661944
0.0068515707999
0.0067861034447
0.0067663519285
0.0065836251643
0.0068155442676
0.0067433760506
0.0066482294849
0.0065743120719
0.0068042231036
0.0067305302858
0.0068124742499
0.0066498795795
0.0068079841573
0.0067378923255
0.0067398700282
0.0066662241615
0.0068621453947
0.0067965918125
0.0067804403684
0.0065984617838
0.0067697780566
0.0066969836159
0.0066154243568
0.0065418490379
0.0067480083252
0.0066749119277
0.0067596517869
0.0065968444304
0.0066552650267
0.006585508567
0.0065735988299
0.0064995991583
0.0064626496848
0.0063979713836
0.006377065982
0.006193606876
0.0064668325459
0.0063919514036
0.006297974098
0.0062234831416
0.0063261879534
0.0062539242512
0.0063334652616
0.0061713834933
0.0063252487423
0.0062528632692
0.0062572677531
0.0061841124714
0.0064987269739
0.0064343932053
0.0064207896703
0.0062401036271
0.0063856631882
0.0063115998732
0.0062299378756
0.0061568994453
0.0064072081961
0.006335112046
0.0064178148541
0.00625538238
0.0063140073971
0.0062428987758
0.0062318506469
0.0061582285726
0.0063906870436
0.0063267207421
0.0063085800803
0.0061272772049
0.0063585954329
0.0062846672008
0.0061902603873
0.0061167628344
0.0063372600349
0.0062651098941
0.0063436003406
0.00618181358
0.0063412104017
0.0062692909465
0.0062731954677
0.0062001413542
0.006474260791
0.0064099016698
0.0063946738684
0.006213490716
0.0063826539146
0.0063081583072
0.0062271342939
0.0061537975017
0.0063738974274
0.0063019525501
0.0063841894005
0.0062218625608
0.0062817169643
0.0062103890349
0.0061999866341
0.0061263915877
0.0065432400219
0.0064786311873
0.0064577384189
0.0062752095361
0.0065447099582
0.0064708716345
0.0063771180919
0.0063029815648
0.006406594263
0.0063344574173
0.0064142170797
0.0062531000164
0.006406388543
0.0063350194764
0.0063391907487
0.0062663622239
0.0065454802685
0.0064806988981
0.006466670235
0.006284530675
0.0064341544263
0.0063594662053
0.0062772476295
0.0062035439992
0.0064556956271
0.0063829982875
0.0064664527231
0.0063025951048
0.006362287725
0.0062904909553
0.006279383816
0.0062050125551
0.0065190582658
0.0064544481127
0.0064356312927
0.0062528317803
0.0064873612214
0.006413253899
0.0063182929774
0.0062441536256
0.0064739329102
0.0064010332621
0.0064807456696
0.0063177550179
0.0064775653244
0.0064055527804
0.0064090782269
0.0063353593137
0.0065269546485
0.0064622769801
0.006447141861
0.0062651174217
0.0064349724556
0.0063602571042
0.006278789218
0.0062050320367
0.0064129232964
0.0063406408588
0.00642331825
0.0062601829997
0.006319855096
0.0062482035795
0.0062377256249
0.0061636684202
0.0072538256655
0.0071869152484
0.0071637942061
0.0069791459204
0.0072482974574
0.0071772289791
0.0070821633314
0.007007461327
0.0071084502506
0.0070339661942
0.0071191084554
0.0069566357296
0.0071076151594
0.0070389278985
0.0070399586296
0.0069662015998
0.0072615201169
0.0071949797204
0.0071790759762
0.0069971413253
0.0071474624247
0.0070769526973
0.0069945715548
0.0069211999201
0.007169648433
0.0070953439828
0.0071830609758
0.0070200305066
0.0070766492367
0.0070089938466
0.0069948616134
0.0069205786133
0.0072832286832
0.0072165326755
0.0071958265492
0.0070123520079
0.0072401556463
0.0071700265209
0.007074006045
0.0069999476353
0.0072276088493
0.0071526796379
0.0072376436722
0.0070746483959
0.0072320772081
0.0071638895848
0.0071640846476
0.0070900434715
0.0073648610396
0.0072977537768
0.0072799147098
0.0070966079857
0.0072715682638
0.0072008265018
0.0071186178751
0.0070446522115
0.0072596209992
0.0071849259243
0.0072731373499
0.0071095247802
0.0071670223875
0.0070993428618
0.0070853993422
0.0070108166124
0.0073728850474
0.0073060111184
0.0072827699611
0.0070990631448
0.0073640807197
0.007294310947
0.0071994011226
0.0071251128688
0.0072253238815
0.007150928029
0.0072365625976
0.0070750831611
0.0072252802921
0.0071578409022
0.0071584214457
0.0070850152804
0.0073834278322
0.0073163545024
0.0072997975958
0.0071165968247
0.0072708664079
0.00720030328
0.0071173793609
0.0070434852141
0.0072942724732
0.0072193023071
0.0073081763984
0.0071439768882
0.0072012051949
0.0071334375596
0.007118897265
0.0070439834093
0.0073825621855
0.007315697881
0.0072944028678
0.0071107071836
0.0073400666858
0.0072704038362
0.0071744093491
0.0071002694656
0.0073336155036
0.0072584702263
0.0073441943154
0.0071811430797
0.0073377840431
0.0072701170546
0.0072698389753
0.007195680087
0.0073910575612
0.0073240942319
0.0073063570307
0.0071234410856
0.0072978183707
0.0072274978633
0.007145340325
0.0070714990242
0.0072748737977
0.0072003415395
0.0072885528883
0.0071252541498
0.007182152448
0.0071147768828
0.0071007341961
0.0070262257607
0.006893184413
0.0068269775873
0.006804848444
0.006619775167
0.0068924903555
0.0068190888163
0.0067240213998
0.0066490801867
0.0067512246529
0.0066774270747
0.0067602083444
0.0065970565747
0.0067503066198
0.0066793821801
0.0066820993885
0.0066083283406
0.006924625128
0.0068587792548
0.0068439301051
0.0066616861574
0.0068103440763
0.0067377367736
0.0066552579426
0.0065817547177
0.0068324515201
0.006758835107
0.0068445364723
0.0066810125248
0.0067388116684
0.006669153449
0.0066564398382
0.0065822084013
0.0068179604439
0.0067524660937
0.0067331086008
0.0065501629515
0.0067807543894
0.0067082679908
0.0066127669828
0.0065388042466
0.006763056417
0.0066893566306
0.0067710584646
0.0066081617897
0.0067672486285
0.0066967703963
0.0066989977519
0.0066253102948
0.006901166658
0.006835278629
0.0068188136828
0.0066360252494
0.0068083308798
0.006735267781
0.006653398928
0.0065795777631
0.0067986793269
0.0067252019392
0.0068104415114
0.0066469831453
0.0067059760457
0.0066360694159
0.0066240071586
0.0065497840176
0.0068850803578
0.0068196212012
0.0067977818078
0.0066153771683
0.0068819439091
0.0068101348798
0.0067162030839
0.0066423050294
0.0067446902216
0.0066717656055
0.0067538234292
0.0065931468619
0.0067445392729
0.0066751619515
0.0066777326227
0.0066049781162
0.0068859278746
0.0068202946631
0.0068052223051
0.0066232137278
0.0067744631968
0.0067017807904
0.0066195194527
0.0065460211051
0.0067964008242
0.0067229125237
0.0068084393384
0.0066449874509
0.0067033990847
0.0066335770577
0.0066210128568
0.0065467169349
0.0068550576909
0.0067896526509
0.0067698816
0.0065873642752
0.0068188813044
0.0067468636918
0.0066518295045
0.0065779903398
0.0068089431943
0.0067353117655
0.0068172437566
0.0066548375571
0.006812745241
0.0067428008015
0.0067447163165
0.0066711355918
0.0068612452005
0.0067957779486
0.0067796376784
0.0065979313771
0.0067690421982
0.0066964117511
0.006614971898
0.0065414957804
0.0067463196114
0.0066733208749
0.0067579817158
0.0065954186559
0.0066536929219
0.0065840848869
0.0065721593773
0.00649825197
0.0068899531127
0.0068242532357
0.0068021616804
0.006618607127
0.0068886773484
0.0068161945663
0.0067219126627
0.006647491548
0.006749191661
0.0066759119557
0.0067583701217
0.0065965562922
0.0067483322213
0.0066782503152
0.0066807584328
0.0066074272683
0.0069005545405
0.0068352135659
0.0068203761178
0.0066394929563
0.0067873534706
0.0067154449961
0.0066336342182
0.0065605577529
0.006809129011
0.0067360185283
0.0068212608506
0.0066589065734
0.0067163485368
0.0066473026321
0.0066346073318
0.0065607424786
0.0069334136945
0.0068678660239
0.0068481544359
0.0066656836204
0.0068946387494
0.0068231204773
0.00672782372
0.0066540144124
0.0068788640002
0.0068050860883
0.0068874896674
0.0067250899264
0.0068831250302
0.0068135518027
0.0068151846392
0.0067415353407
0.007015689336
0.0069497274769
0.0069329106993
0.0067505727164
0.0069232285131
0.0068511020513
0.0067694325405
0.0066957301282
0.0069119636971
0.0068384018217
0.0069242401154
0.0067612349557
0.0068195967845
0.0067505465568
0.0067379947975
0.0066637947706
0.0070311815383
0.0069653647477
0.0069430864803
0.0067601260368
0.0070265253227
0.0069552527559
0.0068609470031
0.0067867996087
0.0068876500679
0.0068142927109
0.0068974619863
0.0067363420869
0.0068875584143
0.006818637086
0.006820657815
0.0067475342144
0.0070435670296
0.0069775439745
0.0069620010401
0.0067795140801
0.0069316569105
0.0068596034479
0.0067770996263
0.0067033633295
0.0069546307399
0.0068806926434
0.0069673014704
0.0068034819037
0.0068616161566
0.0067923707943
0.006779211021
0.0067045737618
0.0070518038216
0.0069859585167
0.0069656067098
0.0067826314413
0.0070134005429
0.0069422810118
0.006846860755
0.0067728554082
0.0070039097536
0.0069297744313
0.0070131211224
0.0068504193192
0.0070078891748
0.0069387709911
0.0069398952802
0.006866009112
0.0070620208819
0.006996070976
0.0069793022376
0.0067970741673
0.006969451696
0.0068976841213
0.0068159424093
0.0067422504236
0.0069472350696
0.0068736939335
0.0069597209962
0.0067967860945
0.0068546102387
0.0067858056658
0.0067730967119
0.0066988525848
0.007179277883
0.0071127947318
0.0070898845478
0.0069060033494
0.0071743272984
0.0071033108255
0.0070086733451
0.0069342474051
0.0070347740416
0.0069607250016
0.007045225667
0.0068833623211
0.0070339569731
0.0069652994008
0.0069665102864
0.0068930280165
0.0072040791156
0.0071379458631
0.0071222029399
0.0069411416515
0.0070904869537
0.0070201978021
0.0069382177273
0.0068651740476
0.0071124660296
0.0070385998938
0.0071257488661
0.0069634867424
0.007019846021
0.006952399239
0.0069384365119
0.0068644943182
0.0070909027581
0.0070252241587
0.007005081824
0.0068234732857
0.0070498073637
0.0069797291093
0.0068847418455
0.0068113641565
0.0070357586832
0.0069619023554
0.0070451953945
0.0068837243693
0.0070401871262
0.0069720195416
0.0069727681318
0.0068994500669
0.0071733879125
0.0071073017277
0.0070899799878
0.00690853815
0.0070810431568
0.0070103743434
0.0069290380136
0.0068557645998
0.0070708146489
0.0069971833301
0.0070837849051
0.0069217338608
0.0069791463565
0.006911520398
0.0068982116974
0.0068243643402
0.0073680023784
0.0073011533398
0.0072779219222
0.0070941556513
0.0073593706559
0.0072895486297
0.0071946046794
0.0071202847619
0.0072213812893
0.0071469998148
0.0072326064976
0.0070710704975
0.0072213658336
0.0071538790147
0.0071545044821
0.007081070981
0.0073667961724
0.0072997588112
0.0072832467304
0.0070999164384
0.0072543075828
0.007183581266
0.0071005986008
0.0070266381147
0.0072769977952
0.0072020466539
0.0072908554347
0.007126511916
0.0071838400679
0.0071159017566
0.0071014445546
0.007026464771
0.0073454412731
0.0072786063606
0.0072574029616
0.0070733327394
0.0073035251601
0.0072334350673
0.007137273744
0.0070629547689
0.0072977328718
0.0072225802218
0.0073081313499
0.0071446916058
0.0073019331319
0.0072338461364
0.0072338027056
0.0071594822964
0.007350134114
0.0072832181994
0.0072656218817
0.0070823742488
0.0072568243405
0.0071860808266
0.0071037800811
0.0070297789571
0.007233055769
0.0071585448239
0.0072465749037
0.0070829293391
0.0071400925538
0.0070722952614
0.0070584607639
0.0069838075269
0.0068750983748
0.006809792022
0.006787708622
0.0066045325473
0.006874086042
0.0068018323608
0.0067076886361
0.0066333524361
0.0067344466592
0.0066614918536
0.0067437756786
0.0065822303388
0.0067337366448
0.006663814128
0.0066663446603
0.0065930386354
0.0068886284408
0.0068236411708
0.0068087971867
0.0066282537277
0.006775772856
0.0067040780956
0.0066223869203
0.0065493681003
0.0067975982996
0.0067247856354
0.0068098760987
0.00664777162
0.0067050914398
0.0066362011331
0.0066235404677
0.0065496846558
0.0069219750439
0.0068568489267
0.006837124065
0.0066550948273
0.0068834942286
0.006812274663
0.0067171273537
0.0066434475254
0.0068675684012
0.0067941488303
0.0068763870481
0.0067143229565
0.0068719834842
0.0068026417515
0.0068042661335
0.0067306857686
0.0070037149602
0.006938161645
0.0069213315073
0.0067394242469
0.0069116114101
0.0068397713478
0.0067582317301
0.0066846460599
0.0069003058517
0.006827097574
0.0069127614723
0.0067500907632
0.0068082668035
0.0067394416598
0.0067269090854
0.0066527754968
0.0068443978022
0.0067796984906
0.0067578951838
0.0065761458781
0.0068419426194
0.0067704608548
0.0066767562665
0.0066030073053
0.0067037863745
0.0066314836275
0.0067131454183
0.0065529018365
0.0067038812725
0.0066346908034
0.0066373588934
0.0065646378908
0.0068576936708
0.0067927624409
0.006777700005
0.0065963924995
0.0067467489121
0.0066744789902
0.0065924531225
0.006519103735
0.0067692310021
0.0066963396749
0.0067815215783
0.0066185945922
0.0066767761713
0.0066072559106
0.0065947760288
0.0065205353426
0.0068452134227
0.0067805888432
0.0067607575894
0.0065790887877
0.0068094643221
0.0067380966442
0.0066433075916
0.0065697505498
0.0067983246517
0.0067253578732
0.0068070462175
0.0066453012862
0.0068024134546
0.0067329821433
0.0067348319562
0.0066614106516
0.0068554578072
0.0067907138766
0.0067744724334
0.006593523732
0.0067638808101
0.0066918604907
0.0066106180673
0.0065373718179
0.0067419390838
0.0066695533627
0.0067540090498
0.0065920422352
0.0066499378577
0.0065808247769
0.006568861857
0.0064950786781
